
F:\code\python\hand_writing\code>python b4++.py
Training...
start: 2019-05-06 12:58:37.303565
Testing...
655 3068 4.9976800084114075 2 0.0|| 2701 0.0|| 3068 0.0
171 2794 3.5317145735025406 429 0.0|| 2794 0.0|| 2794 0.0
353 353 4.999566674232483 0 0.3333333333333333|| 353 0.3333333333333333|| 353 0.3333333333333333
2392 2291 4.592203140258789 66 0.25|| 2511 0.25|| 2511 0.25
3442 3442 4.999511003494263 0 0.4|| 3442 0.4|| 3442 0.4
1604 1871 4.991677522659302 1 0.3333333333333333|| 1604 0.5|| 1604 0.5
2990 673 4.998353600502014 7 0.2857142857142857|| 2990 0.5714285714285714|| 2990 0.5714285714285714
2241 2061 4.8323657512664795 121 0.25|| 1223 0.5|| 3680 0.5
3547 605 4.894907534122467 79 0.2222222222222222|| 2387 0.4444444444444444|| 2387 0.4444444444444444
3157 2398 4.452081501483917 105 0.2|| 2398 0.4|| 2398 0.4
3615 2323 4.966726779937744 11 0.18181818181818182|| 2347 0.36363636363636365|| 1470 0.36363636363636365
677 677 4.999726235866547 0 0.25|| 1975 0.3333333333333333|| 1975 0.3333333333333333
184 1398 4.9993807673454285 2 0.23076923076923078|| 184 0.38461538461538464|| 184 0.38461538461538464
3329 3329 4.99942272901535 0 0.2857142857142857|| 3329 0.42857142857142855|| 3329 0.42857142857142855
2706 3298 4.8662673234939575 45 0.26666666666666666|| 387 0.4|| 387 0.4
1947 1871 4.996177554130554 3 0.25|| 1251 0.375|| 1251 0.375
2353 500 4.99934184551239 1 0.23529411764705882|| 1948 0.35294117647058826|| 3367 0.35294117647058826
3451 3452 4.997662723064423 2 0.2222222222222222|| 3452 0.3333333333333333|| 3452 0.3333333333333333
1425 1251 4.645270764827728 57 0.21052631578947367|| 3098 0.3157894736842105|| 1251 0.3157894736842105
2486 2486 4.999740362167358 0 0.25|| 2486 0.35|| 2486 0.35
2838 2389 4.99724805355072 1 0.23809523809523808|| 2791 0.3333333333333333|| 2791 0.3333333333333333
3299 3299 4.999875903129578 0 0.2727272727272727|| 3299 0.36363636363636365|| 130 0.3181818181818182
2083 536 4.583660185337067 120 0.2608695652173913|| 3472 0.34782608695652173|| 3472 0.30434782608695654
3693 3386 4.999699294567108 1 0.25|| 1269 0.3333333333333333|| 1269 0.2916666666666667
185 3665 4.990621507167816 8 0.24|| 185 0.36|| 185 0.32
1378 1378 4.999482750892639 0 0.2692307692307692|| 1378 0.38461538461538464|| 1378 0.34615384615384615
2314 2314 4.999262452125549 0 0.2962962962962963|| 2314 0.4074074074074074|| 2314 0.37037037037037035
1368 1368 4.999858260154724 0 0.32142857142857145|| 1368 0.42857142857142855|| 1368 0.39285714285714285
1973 82 4.140415787696838 383 0.3103448275862069|| 1338 0.41379310344827586|| 1338 0.3793103448275862
2664 2664 4.998996555805206 0 0.3333333333333333|| 2664 0.43333333333333335|| 2664 0.4
536 1605 3.8180976770818233 254 0.3225806451612903|| 1605 0.41935483870967744|| 1605 0.3870967741935484
2257 3647 4.999563217163086 1 0.3125|| 2876 0.40625|| 2876 0.375
3287 2783 4.9957364201545715 1 0.30303030303030304|| 886 0.3939393939393939|| 3287 0.3939393939393939
1099 1099 4.999940633773804 0 0.3235294117647059|| 1099 0.4117647058823529|| 2582 0.38235294117647056
3461 3461 4.994465351104736 0 0.34285714285714286|| 3461 0.42857142857142855|| 3461 0.4
3138 1056 4.995722532272339 5 0.3333333333333333|| 3138 0.4444444444444444|| 3138 0.4166666666666667
1891 1000 4.997580826282501 11 0.32432432432432434|| 2884 0.43243243243243246|| 2884 0.40540540540540543
1669 789 4.998351514339447 3 0.3157894736842105|| 1669 0.4473684210526316|| 1669 0.42105263157894735
468 1492 4.982361137866974 25 0.3076923076923077|| 1492 0.4358974358974359|| 1492 0.41025641025641024
1465 1257 4.966210603713989 31 0.3|| 1888 0.425|| 1888 0.4
1715 1472 4.73687207698822 80 0.2926829268292683|| 748 0.4146341463414634|| 795 0.3902439024390244
57 57 4.999902129173279 0 0.30952380952380953|| 57 0.42857142857142855|| 57 0.40476190476190477
354 2605 4.999815940856934 1 0.3023255813953488|| 354 0.4418604651162791|| 354 0.4186046511627907
1663 1207 4.997684895992279 2 0.29545454545454547|| 1663 0.45454545454545453|| 992 0.4090909090909091
35 35 4.999439358711243 0 0.3111111111111111|| 35 0.4666666666666667|| 35 0.4222222222222222
2987 2987 4.999098122119904 0 0.32608695652173914|| 2987 0.4782608695652174|| 2987 0.43478260869565216
2123 1819 4.995466232299805 13 0.3191489361702128|| 443 0.46808510638297873|| 443 0.425531914893617
322 1784 4.999034881591797 1 0.3125|| 322 0.4791666666666667|| 322 0.4375
1748 1748 4.999355494976044 0 0.32653061224489793|| 1951 0.46938775510204084|| 1748 0.4489795918367347
2545 1630 4.509133040904999 173 0.32|| 1749 0.46|| 3591 0.44
2019-05-06 13:12:12.479938 use: 815.1763737201691
Testing...
486 1099 4.99783194065094 9 0.0|| 486 1.0|| 2731 0.0
2816 2144 4.990838527679443 6 0.0|| 2144 0.5|| 2144 0.0
3294 1476 4.998987257480621 7 0.0|| 3294 0.6666666666666666|| 3294 0.3333333333333333
1061 1775 4.999750196933746 1 0.0|| 949 0.5|| 1061 0.5
2260 2260 4.999591827392578 0 0.2|| 2260 0.6|| 2260 0.6
994 3726 4.999600291252136 3 0.16666666666666666|| 1024 0.5|| 994 0.6666666666666666
46 906 4.996755003929138 3 0.14285714285714285|| 46 0.5714285714285714|| 46 0.7142857142857143
1085 3502 4.977759063243866 10 0.125|| 3502 0.5|| 3502 0.625
2561 2272 4.953550398349762 14 0.1111111111111111|| 3639 0.4444444444444444|| 1985 0.5555555555555556
3742 2112 4.9900835156440735 2 0.1|| 3742 0.5|| 3742 0.6
953 227 4.937503099441528 67 0.09090909090909091|| 2605 0.45454545454545453|| 2605 0.5454545454545454
782 1442 4.999462187290192 1 0.08333333333333333|| 1442 0.4166666666666667|| 3044 0.5
3653 1824 4.976813197135925 17 0.07692307692307693|| 1824 0.38461538461538464|| 1824 0.46153846153846156
2999 3285 4.9727150201797485 17 0.07142857142857142|| 3285 0.35714285714285715|| 3285 0.42857142857142855
52 1527 4.997698903083801 2 0.06666666666666667|| 575 0.3333333333333333|| 575 0.4
143 2204 4.945153176784515 10 0.0625|| 1552 0.3125|| 1552 0.375
1167 1576 4.865894675254822 72 0.058823529411764705|| 471 0.29411764705882354|| 471 0.35294117647058826
1727 613 4.997606575489044 2 0.05555555555555555|| 1727 0.3333333333333333|| 1727 0.3888888888888889
1104 2043 4.999768495559692 1 0.05263157894736842|| 1646 0.3157894736842105|| 1646 0.3684210526315789
86 2508 4.999729931354523 1 0.05|| 86 0.35|| 86 0.4
824 824 4.9998801946640015 0 0.09523809523809523|| 824 0.38095238095238093|| 2275 0.38095238095238093
3480 3046 4.997226893901825 6 0.09090909090909091|| 3145 0.36363636363636365|| 3145 0.36363636363636365
2822 3689 4.993381083011627 10 0.08695652173913043|| 187 0.34782608695652173|| 187 0.34782608695652173
3261 3261 4.999922871589661 0 0.125|| 3271 0.3333333333333333|| 3261 0.375
32 32 4.999186158180237 0 0.16|| 32 0.36|| 32 0.4
3157 3096 4.131692036986351 297 0.15384615384615385|| 163 0.34615384615384615|| 163 0.38461538461538464
1647 1647 4.998019099235535 0 0.18518518518518517|| 1647 0.37037037037037035|| 1647 0.4074074074074074
3111 3111 4.999192595481873 0 0.21428571428571427|| 3111 0.39285714285714285|| 3111 0.42857142857142855
3255 3255 4.999683201313019 0 0.2413793103448276|| 3255 0.41379310344827586|| 3255 0.4482758620689655
2595 323 4.9992101192474365 1 0.23333333333333334|| 2595 0.43333333333333335|| 2595 0.4666666666666667
1156 1156 4.999159872531891 0 0.25806451612903225|| 1156 0.45161290322580644|| 1156 0.4838709677419355
2096 2492 2.071029140613973 1565 0.25|| 1533 0.4375|| 1616 0.46875
2737 1796 4.621354103088379 73 0.24242424242424243|| 1375 0.42424242424242425|| 1375 0.45454545454545453
570 602 4.999014496803284 1 0.23529411764705882|| 570 0.4411764705882353|| 570 0.47058823529411764
2933 2933 4.999984264373779 0 0.2571428571428571|| 2933 0.45714285714285713|| 2933 0.4857142857142857
3523 461 4.984611809253693 12 0.25|| 593 0.4444444444444444|| 593 0.4722222222222222
44 1527 4.997832000255585 2 0.24324324324324326|| 44 0.4594594594594595|| 44 0.4864864864864865
2861 1576 3.5514290034770966 491 0.23684210526315788|| 3201 0.4473684210526316|| 2336 0.47368421052631576
2055 700 4.757055878639221 106 0.23076923076923078|| 700 0.4358974358974359|| 700 0.46153846153846156
2308 1592 4.994719505310059 5 0.225|| 974 0.425|| 974 0.45
697 280 4.3316949009895325 258 0.21951219512195122|| 2657 0.4146341463414634|| 2657 0.43902439024390244
558 558 4.999992489814758 0 0.23809523809523808|| 558 0.42857142857142855|| 558 0.4523809523809524
166 166 4.999966502189636 0 0.2558139534883721|| 166 0.4418604651162791|| 166 0.46511627906976744
230 1040 4.985056042671204 11 0.25|| 1040 0.4318181818181818|| 1040 0.45454545454545453
2939 1197 4.218561887741089 299 0.24444444444444444|| 1197 0.4222222222222222|| 2494 0.4444444444444444
1055 1055 4.999942660331726 0 0.2608695652173913|| 1055 0.43478260869565216|| 1055 0.45652173913043476
2910 279 4.9773290157318115 4 0.2553191489361702|| 2781 0.425531914893617|| 2781 0.44680851063829785
464 3180 4.922124862670898 77 0.25|| 2289 0.4166666666666667|| 1466 0.4375
3056 2110 4.9961963295936584 1 0.24489795918367346|| 3056 0.42857142857142855|| 3056 0.4489795918367347
2495 2495 4.99996280670166 0 0.26|| 2495 0.44|| 2495 0.46
2019-05-06 13:26:02.772530 use: 1645.4689650535583
Testing...
2780 2780 4.999987244606018 0 1.0|| 2780 1.0|| 2780 1.0
1722 472 4.944779872894287 54 0.5|| 472 0.5|| 472 0.5
1718 3158 4.999113440513611 1 0.3333333333333333|| 1718 0.6666666666666666|| 1718 0.6666666666666666
3672 3672 4.999961018562317 0 0.5|| 3672 0.75|| 3672 0.75
575 2329 4.55591881275177 256 0.4|| 2482 0.6|| 1678 0.6
2669 3634 4.054547727108002 176 0.3333333333333333|| 2671 0.5|| 2671 0.5
1165 1165 4.999803006649017 0 0.42857142857142855|| 1165 0.5714285714285714|| 1165 0.5714285714285714
358 65 4.994730293750763 6 0.375|| 358 0.625|| 358 0.625
1268 1268 4.999149918556213 0 0.4444444444444444|| 1268 0.6666666666666666|| 1268 0.6666666666666666
1898 1616 4.964418172836304 14 0.4|| 2104 0.6|| 2104 0.6
2881 3687 4.990746378898621 5 0.36363636363636365|| 3687 0.5454545454545454|| 2881 0.6363636363636364
1876 775 4.9976431131362915 1 0.3333333333333333|| 1876 0.5833333333333334|| 1876 0.6666666666666666
2194 3676 4.99571430683136 7 0.3076923076923077|| 2194 0.6153846153846154|| 2194 0.6923076923076923
2483 2281 4.99870365858078 2 0.2857142857142857|| 2483 0.6428571428571429|| 2483 0.7142857142857143
2092 3020 4.999497354030609 2 0.26666666666666666|| 2092 0.6666666666666666|| 2622 0.6666666666666666
1055 3346 4.984437823295593 16 0.25|| 3346 0.625|| 3346 0.625
1062 1621 4.906545698642731 24 0.23529411764705882|| 1621 0.5882352941176471|| 2660 0.5882352941176471
589 589 4.999975681304932 0 0.2777777777777778|| 248 0.5555555555555556|| 589 0.6111111111111112
3196 3196 4.999785542488098 0 0.3157894736842105|| 3196 0.5789473684210527|| 3196 0.631578947368421
3182 501 4.998366475105286 3 0.3|| 3328 0.55|| 3182 0.65
3289 2822 4.997804641723633 2 0.2857142857142857|| 2822 0.5238095238095238|| 3289 0.6666666666666666
3311 3311 4.998372673988342 0 0.3181818181818182|| 3311 0.5454545454545454|| 3311 0.6818181818181818
908 2242 3.982400506734848 367 0.30434782608695654|| 2242 0.5217391304347826|| 2242 0.6521739130434783
822 820 4.999297261238098 1 0.2916666666666667|| 822 0.5416666666666666|| 822 0.6666666666666666
1185 775 4.9441365003585815 20 0.28|| 233 0.52|| 233 0.64
3409 1000 4.998415946960449 9 0.2692307692307692|| 3409 0.5384615384615384|| 3409 0.6538461538461539
2775 2536 4.973313271999359 19 0.25925925925925924|| 1655 0.5185185185185185|| 1655 0.6296296296296297
3348 3348 4.999552130699158 0 0.2857142857142857|| 3348 0.5357142857142857|| 3348 0.6428571428571429
3137 1014 4.997682809829712 2 0.27586206896551724|| 3137 0.5517241379310345|| 3137 0.6551724137931034
3612 3135 4.972752392292023 30 0.26666666666666666|| 3218 0.5333333333333333|| 3135 0.6333333333333333
1355 264 4.9787322878837585 22 0.25806451612903225|| 264 0.5161290322580645|| 264 0.6129032258064516
892 892 4.999097168445587 0 0.28125|| 892 0.53125|| 892 0.625
1848 649 4.985640048980713 33 0.2727272727272727|| 3578 0.5151515151515151|| 1733 0.6060606060606061
1242 1013 4.991272211074829 6 0.2647058823529412|| 1242 0.5294117647058824|| 1242 0.6176470588235294
2805 2805 4.999947428703308 0 0.2857142857142857|| 2805 0.5428571428571428|| 2805 0.6285714285714286
1302 1302 4.998567879199982 0 0.3055555555555556|| 1302 0.5555555555555556|| 1302 0.6388888888888888
2858 1268 4.838987052440643 17 0.2972972972972973|| 1268 0.5405405405405406|| 1268 0.6216216216216216
126 126 4.999763369560242 0 0.3157894736842105|| 126 0.5526315789473685|| 126 0.631578947368421
847 3517 4.999398946762085 1 0.3076923076923077|| 2546 0.5384615384615384|| 847 0.6410256410256411
1977 1977 4.999699652194977 0 0.325|| 1977 0.55|| 1977 0.65
3390 2740 4.9102588295936584 49 0.3170731707317073|| 2740 0.5365853658536586|| 2740 0.6341463414634146
623 1407 4.996609449386597 2 0.30952380952380953|| 623 0.5476190476190477|| 623 0.6428571428571429
2735 2735 4.999879717826843 0 0.32558139534883723|| 2735 0.5581395348837209|| 340 0.627906976744186
3106 3106 4.99997615814209 0 0.3409090909090909|| 3106 0.5681818181818182|| 3106 0.6363636363636364
1576 588 4.999408304691315 2 0.3333333333333333|| 1576 0.5777777777777777|| 1576 0.6444444444444445
1345 846 4.995559751987457 3 0.32608695652173914|| 2326 0.5652173913043478|| 2326 0.6304347826086957
1813 1813 4.999951243400574 0 0.3404255319148936|| 1813 0.574468085106383|| 1813 0.6382978723404256
2185 3077 4.802412390708923 130 0.3333333333333333|| 327 0.5625|| 2424 0.625
535 2988 4.979317903518677 2 0.32653061224489793|| 3408 0.5510204081632653|| 3408 0.6122448979591837
3417 3417 4.999938488006592 0 0.34|| 3417 0.56|| 3417 0.62
2019-05-06 13:39:52.600336 use: 2475.296770811081
Testing...
1973 1973 4.9997817277908325 0 1.0|| 1973 1.0|| 1973 1.0
3261 1979 4.976282000541687 30 0.5|| 2328 0.5|| 373 0.5
3038 2503 4.99906200170517 1 0.3333333333333333|| 3038 0.6666666666666666|| 3038 0.6666666666666666
692 2089 4.997747898101807 1 0.25|| 692 0.75|| 692 0.75
693 693 4.9997517466545105 0 0.4|| 693 0.8|| 693 0.8
1939 51 4.998341679573059 1 0.3333333333333333|| 1939 0.8333333333333334|| 1939 0.8333333333333334
202 1935 4.983721852302551 12 0.2857142857142857|| 2226 0.7142857142857143|| 2226 0.7142857142857143
3019 3019 4.999414145946503 0 0.375|| 3019 0.75|| 3019 0.75
1346 1417 4.946000754833221 39 0.3333333333333333|| 3328 0.6666666666666666|| 3328 0.6666666666666666
233 233 4.9999377727508545 0 0.4|| 233 0.7|| 233 0.7
1018 1018 4.999382972717285 0 0.45454545454545453|| 1018 0.7272727272727273|| 1018 0.7272727272727273
356 1492 4.98750364780426 11 0.4166666666666667|| 1492 0.6666666666666666|| 1492 0.6666666666666666
2343 2343 4.998856782913208 0 0.46153846153846156|| 2343 0.6923076923076923|| 3329 0.6153846153846154
399 2608 4.999812722206116 1 0.42857142857142855|| 399 0.7142857142857143|| 399 0.6428571428571429
371 3043 4.985935866832733 20 0.4|| 1539 0.6666666666666666|| 2457 0.6
3385 3385 4.999955773353577 0 0.4375|| 3385 0.6875|| 3385 0.625
1095 1095 4.997720420360565 0 0.47058823529411764|| 1095 0.7058823529411765|| 1095 0.6470588235294118
1093 3417 4.9882537722587585 4 0.4444444444444444|| 1093 0.7222222222222222|| 1093 0.6666666666666666
3491 3491 4.999149858951569 0 0.47368421052631576|| 3491 0.7368421052631579|| 3491 0.6842105263157895
1091 2202 4.96180659532547 35 0.45|| 2202 0.7|| 3018 0.65
1185 3364 4.9362481236457825 52 0.42857142857142855|| 1522 0.6666666666666666|| 1522 0.6190476190476191
3477 3477 4.999995231628418 0 0.45454545454545453|| 3477 0.6818181818181818|| 3477 0.6363636363636364
1638 1638 4.999789774417877 0 0.4782608695652174|| 1638 0.6956521739130435|| 1638 0.6521739130434783
2202 673 4.998713195323944 6 0.4583333333333333|| 1920 0.6666666666666666|| 1920 0.625
3586 979 4.996076226234436 9 0.44|| 1969 0.64|| 3586 0.64
3693 3071 4.999572575092316 1 0.4230769230769231|| 3693 0.6538461538461539|| 328 0.6153846153846154
1447 1447 4.9999436140060425 0 0.4444444444444444|| 1447 0.6666666666666666|| 1447 0.6296296296296297
3696 1058 4.998270809650421 4 0.42857142857142855|| 3696 0.6785714285714286|| 3696 0.6428571428571429
1066 1066 4.999732255935669 0 0.4482758620689655|| 1066 0.6896551724137931|| 1066 0.6551724137931034
3085 3085 4.999855160713196 0 0.4666666666666667|| 3085 0.7|| 3085 0.6666666666666666
3712 2730 4.937424063682556 22 0.45161290322580644|| 542 0.6774193548387096|| 542 0.6451612903225806
3632 2238 4.989677429199219 8 0.4375|| 1 0.65625|| 2287 0.625
3215 3215 4.999628663063049 0 0.45454545454545453|| 3215 0.6666666666666666|| 3215 0.6363636363636364
2623 3622 4.802953898906708 49 0.4411764705882353|| 2600 0.6470588235294118|| 2600 0.6176470588235294
835 3590 4.214396506547928 340 0.42857142857142855|| 2679 0.6285714285714286|| 2679 0.6
3101 2429 4.977808177471161 10 0.4166666666666667|| 2429 0.6111111111111112|| 1798 0.5833333333333334
340 340 4.999862790107727 0 0.43243243243243246|| 340 0.6216216216216216|| 340 0.5945945945945946
1846 1846 4.998061001300812 0 0.4473684210526316|| 140 0.6052631578947368|| 1846 0.6052631578947368
1979 1225 4.999114513397217 2 0.4358974358974359|| 1979 0.6153846153846154|| 1979 0.6153846153846154
1785 345 4.9995452761650085 1 0.425|| 1785 0.625|| 1785 0.625
3621 682 4.982782006263733 15 0.4146341463414634|| 2973 0.6097560975609756|| 2973 0.6097560975609756
3268 3268 4.999632835388184 0 0.42857142857142855|| 2222 0.5952380952380952|| 2222 0.5952380952380952
199 1836 4.999709188938141 1 0.4186046511627907|| 199 0.6046511627906976|| 199 0.6046511627906976
3538 3367 4.996538043022156 3 0.4090909090909091|| 3538 0.6136363636363636|| 3538 0.6136363636363636
833 1885 4.9498355984687805 29 0.4|| 1176 0.6|| 1176 0.6
2249 1392 4.997649431228638 6 0.391304347826087|| 1391 0.5869565217391305|| 2249 0.6086956521739131
899 2120 4.892951726913452 75 0.3829787234042553|| 3592 0.574468085106383|| 2120 0.5957446808510638
574 574 4.9991477727890015 0 0.3958333333333333|| 2946 0.5625|| 2946 0.5833333333333334
1320 3729 4.9923588037490845 5 0.3877551020408163|| 1839 0.5510204081632653|| 1839 0.5714285714285714
1069 743 3.586348742246628 697 0.38|| 401 0.54|| 799 0.56
2019-05-06 13:53:43.897207 use: 3306.5936422348022
Testing...
3475 2606 4.86609023809433 109 0.0|| 3180 0.0|| 3180 0.0
545 545 4.999974250793457 0 0.5|| 545 0.5|| 545 0.5
2849 2849 4.9964399337768555 0 0.6666666666666666|| 2849 0.6666666666666666|| 2849 0.6666666666666666
532 532 4.99785703420639 0 0.75|| 532 0.75|| 532 0.75
3466 25 4.9989765882492065 1 0.6|| 25 0.6|| 25 0.6
3482 3482 4.99924772977829 0 0.6666666666666666|| 3482 0.6666666666666666|| 3482 0.6666666666666666
469 469 4.998730301856995 0 0.7142857142857143|| 469 0.7142857142857143|| 469 0.7142857142857143
1635 1635 4.9989800453186035 0 0.75|| 1635 0.75|| 1635 0.75
1622 2281 4.940431296825409 9 0.6666666666666666|| 1622 0.7777777777777778|| 1622 0.7777777777777778
717 717 4.999925374984741 0 0.7|| 717 0.8|| 717 0.8
30 1197 4.947711825370789 21 0.6363636363636364|| 2872 0.7272727272727273|| 1627 0.7272727272727273
1559 3575 4.985083341598511 13 0.5833333333333334|| 1963 0.6666666666666666|| 1963 0.6666666666666666
2164 3535 4.976342976093292 18 0.5384615384615384|| 780 0.6153846153846154|| 780 0.6153846153846154
2092 773 4.991148591041565 3 0.5|| 2092 0.6428571428571429|| 2092 0.6428571428571429
3167 3167 4.999892473220825 0 0.5333333333333333|| 3167 0.6666666666666666|| 3167 0.6666666666666666
3169 3276 4.94515061378479 52 0.5|| 1359 0.625|| 1938 0.625
2115 2115 4.999944686889648 0 0.5294117647058824|| 2115 0.6470588235294118|| 2115 0.6470588235294118
2552 3448 4.995895802974701 3 0.5|| 2552 0.6666666666666666|| 2552 0.6666666666666666
1594 1594 4.999911427497864 0 0.5263157894736842|| 1594 0.6842105263157895|| 1594 0.6842105263157895
2746 1916 4.993295431137085 8 0.5|| 1916 0.65|| 1916 0.65
464 419 4.971798002719879 17 0.47619047619047616|| 419 0.6190476190476191|| 419 0.6190476190476191
839 1663 4.992564797401428 16 0.45454545454545453|| 1663 0.5909090909090909|| 1663 0.5909090909090909
1396 1396 4.999921441078186 0 0.4782608695652174|| 1396 0.6086956521739131|| 1396 0.6086956521739131
257 1750 4.99620521068573 1 0.4583333333333333|| 257 0.625|| 257 0.625
676 1060 4.992690145969391 1 0.44|| 676 0.64|| 676 0.64
2762 2762 4.99999475479126 0 0.46153846153846156|| 2762 0.6538461538461539|| 2762 0.6538461538461539
3013 2760 4.997457265853882 2 0.4444444444444444|| 3013 0.6666666666666666|| 3013 0.6666666666666666
40 2437 4.095784842967987 530 0.42857142857142855|| 3658 0.6428571428571429|| 0 0.6428571428571429
1276 1276 4.999736428260803 0 0.4482758620689655|| 1276 0.6551724137931034|| 1276 0.6551724137931034
3566 3566 4.999954700469971 0 0.4666666666666667|| 3566 0.6666666666666666|| 3566 0.6666666666666666
3118 1214 4.979471743106842 15 0.45161290322580644|| 1398 0.6451612903225806|| 1398 0.6451612903225806
3353 3045 4.935122191905975 56 0.4375|| 3045 0.625|| 3045 0.625
973 973 4.9996888637542725 0 0.45454545454545453|| 973 0.6363636363636364|| 973 0.6363636363636364
1872 2490 4.87821489572525 64 0.4411764705882353|| 1817 0.6176470588235294|| 1547 0.6176470588235294
2064 1930 4.559844493865967 132 0.42857142857142855|| 1930 0.6|| 1930 0.6
2772 2772 4.998698711395264 0 0.4444444444444444|| 2772 0.6111111111111112|| 2772 0.6111111111111112
2675 2675 4.997664272785187 0 0.4594594594594595|| 2675 0.6216216216216216|| 2675 0.6216216216216216
1095 1095 4.998658537864685 0 0.47368421052631576|| 931 0.6052631578947368|| 2405 0.6052631578947368
1904 1904 4.9995468854904175 0 0.48717948717948717|| 1904 0.6153846153846154|| 1904 0.6153846153846154
3207 15 4.600773513317108 77 0.475|| 1631 0.6|| 3140 0.6
823 1333 4.999168634414673 1 0.4634146341463415|| 1333 0.5853658536585366|| 1333 0.5853658536585366
1277 1277 4.9998966455459595 0 0.47619047619047616|| 1277 0.5952380952380952|| 1277 0.5952380952380952
1784 707 3.082655904814601 611 0.46511627906976744|| 707 0.5813953488372093|| 2994 0.5813953488372093
2124 2292 4.997022390365601 3 0.45454545454545453|| 2124 0.5909090909090909|| 2124 0.5909090909090909
1587 1587 4.999942302703857 0 0.4666666666666667|| 1587 0.6|| 1587 0.6
365 37 4.991749405860901 5 0.45652173913043476|| 809 0.5869565217391305|| 365 0.6086956521739131
894 581 4.995737791061401 1 0.44680851063829785|| 894 0.5957446808510638|| 894 0.6170212765957447
3267 3020 4.989785611629486 3 0.4375|| 3267 0.6041666666666666|| 3267 0.625
126 769 4.9997013211250305 3 0.42857142857142855|| 126 0.6122448979591837|| 2988 0.6122448979591837
3605 1796 4.998270213603973 3 0.42|| 3605 0.62|| 3605 0.62
2019-05-06 14:07:30.122302 use: 4132.818737745285
Testing...
3255 318 4.811756193637848 90 0.0|| 3033 0.0|| 2102 0.0
2553 2553 4.99997878074646 0 0.5|| 2553 0.5|| 2553 0.5
76 1361 4.897289752960205 22 0.3333333333333333|| 2078 0.3333333333333333|| 3412 0.3333333333333333
2708 1147 4.9900935888290405 13 0.25|| 3738 0.25|| 981 0.25
3644 3058 4.99749481678009 2 0.2|| 1748 0.2|| 1748 0.2
1435 1435 4.99980753660202 0 0.3333333333333333|| 1435 0.3333333333333333|| 1435 0.3333333333333333
1055 1337 4.9988391399383545 2 0.2857142857142857|| 1055 0.42857142857142855|| 1055 0.42857142857142855
1014 2708 4.994264900684357 5 0.25|| 1014 0.5|| 1014 0.5
217 696 4.735261797904968 184 0.2222222222222222|| 2035 0.4444444444444444|| 2035 0.4444444444444444
3390 1696 4.370456844568253 282 0.2|| 1623 0.4|| 1623 0.4
858 3323 4.999282240867615 3 0.18181818181818182|| 1475 0.36363636363636365|| 1475 0.36363636363636365
1650 2781 4.297406852245331 102 0.16666666666666666|| 2781 0.3333333333333333|| 2781 0.3333333333333333
1548 1877 4.9944212436676025 6 0.15384615384615385|| 1548 0.38461538461538464|| 1877 0.3076923076923077
3125 2426 4.985886037349701 6 0.14285714285714285|| 3125 0.42857142857142855|| 3125 0.35714285714285715
1876 1876 4.999986052513123 0 0.2|| 1876 0.4666666666666667|| 1876 0.4
2829 2896 4.982398331165314 6 0.1875|| 2829 0.5|| 2829 0.4375
2460 474 4.997159540653229 3 0.17647058823529413|| 2460 0.5294117647058824|| 2460 0.47058823529411764
2582 1444 4.999160706996918 1 0.16666666666666666|| 2582 0.5555555555555556|| 2582 0.5
3277 2098 4.993830561637878 3 0.15789473684210525|| 3277 0.5789473684210527|| 3277 0.5263157894736842
1357 1933 4.972121059894562 9 0.15|| 1357 0.6|| 3558 0.5
1059 2469 4.98514461517334 7 0.14285714285714285|| 1059 0.6190476190476191|| 1059 0.5238095238095238
1137 2978 4.995610237121582 4 0.13636363636363635|| 1137 0.6363636363636364|| 1137 0.5454545454545454
130 130 4.999556660652161 0 0.17391304347826086|| 130 0.6521739130434783|| 130 0.5652173913043478
2599 2599 4.998801290988922 0 0.20833333333333334|| 2599 0.6666666666666666|| 2599 0.5833333333333334
33 1979 4.999658405780792 4 0.2|| 1979 0.64|| 1979 0.56
2276 1009 4.988184630870819 11 0.19230769230769232|| 1009 0.6153846153846154|| 964 0.5384615384615384
2834 199 4.961501955986023 10 0.18518518518518517|| 3058 0.5925925925925926|| 3058 0.5185185185185185
2041 2719 4.99391508102417 5 0.17857142857142858|| 2041 0.6071428571428571|| 2041 0.5357142857142857
52 52 4.998660683631897 0 0.20689655172413793|| 52 0.6206896551724138|| 52 0.5517241379310345
1478 688 4.981876969337463 3 0.2|| 1478 0.6333333333333333|| 1478 0.5666666666666667
1210 1714 4.993331670761108 8 0.1935483870967742|| 1048 0.6129032258064516|| 1048 0.5483870967741935
240 2189 4.814407289028168 62 0.1875|| 2297 0.59375|| 2520 0.53125
1709 1709 4.9994834661483765 0 0.21212121212121213|| 3395 0.5757575757575758|| 3395 0.5151515151515151
3622 3128 4.992517054080963 6 0.20588235294117646|| 3500 0.5588235294117647|| 3622 0.5294117647058824
2701 2701 4.999932169914246 0 0.22857142857142856|| 2701 0.5714285714285714|| 860 0.5142857142857142
728 3033 4.997255206108093 5 0.2222222222222222|| 728 0.5833333333333334|| 728 0.5277777777777778
1528 427 4.976000130176544 14 0.21621621621621623|| 432 0.5675675675675675|| 432 0.5135135135135135
67 67 4.999906778335571 0 0.23684210526315788|| 67 0.5789473684210527|| 67 0.5263157894736842
1649 737 4.998688042163849 2 0.23076923076923078|| 737 0.5641025641025641|| 737 0.5128205128205128
1089 608 4.683947205543518 151 0.225|| 304 0.55|| 1005 0.5
1371 1371 4.999937653541565 0 0.24390243902439024|| 1371 0.5609756097560976|| 1371 0.5121951219512195
3687 3687 4.999895095825195 0 0.2619047619047619|| 3687 0.5714285714285714|| 3687 0.5238095238095238
832 786 4.307823359966278 132 0.2558139534883721|| 785 0.5581395348837209|| 785 0.5116279069767442
1448 1564 4.999493479728699 7 0.25|| 1448 0.5681818181818182|| 1448 0.5227272727272727
1183 784 4.985506653785706 11 0.24444444444444444|| 2956 0.5555555555555556|| 2956 0.5111111111111111
1749 1296 4.61669385433197 114 0.2391304347826087|| 1296 0.5434782608695652|| 1192 0.5
2413 2413 4.999979376792908 0 0.2553191489361702|| 2413 0.5531914893617021|| 2413 0.5106382978723404
1205 3266 4.586755275726318 79 0.25|| 1202 0.5416666666666666|| 1202 0.5
159 752 3.9163524005562067 232 0.24489795918367346|| 2822 0.5306122448979592|| 2822 0.4897959183673469
1125 1125 4.999710977077484 0 0.26|| 1125 0.54|| 1125 0.5
2019-05-06 14:21:24.971926 use: 4967.668361186981
Testing...
465 465 4.9984952211380005 0 1.0|| 465 1.0|| 2138 0.0
1764 2353 4.996902525424957 7 0.5|| 1764 1.0|| 1764 0.5
759 1783 4.99984872341156 2 0.3333333333333333|| 759 1.0|| 759 0.6666666666666666
1398 3448 4.97849714756012 13 0.25|| 3448 0.75|| 3448 0.5
2772 1915 4.987284481525421 4 0.2|| 2772 0.8|| 2772 0.6
3560 192 4.989165425300598 5 0.16666666666666666|| 2027 0.6666666666666666|| 2027 0.5
1680 1680 4.999822020530701 0 0.2857142857142857|| 1680 0.7142857142857143|| 1680 0.5714285714285714
2599 2601 4.989830732345581 2 0.25|| 2599 0.75|| 2599 0.625
567 567 4.999597251415253 0 0.3333333333333333|| 567 0.7777777777777778|| 567 0.6666666666666666
458 2949 4.491373836994171 165 0.3|| 2949 0.7|| 2949 0.6
1765 2881 4.890370786190033 48 0.2727272727272727|| 2960 0.6363636363636364|| 2960 0.5454545454545454
2251 82 4.999048709869385 2 0.25|| 2251 0.6666666666666666|| 2251 0.5833333333333334
3003 3003 4.999940872192383 0 0.3076923076923077|| 3003 0.6923076923076923|| 3003 0.6153846153846154
813 2904 4.92262327671051 29 0.2857142857142857|| 2904 0.6428571428571429|| 2641 0.5714285714285714
924 924 4.999840974807739 0 0.3333333333333333|| 924 0.6666666666666666|| 924 0.6
2559 2156 4.941107869148254 118 0.3125|| 1748 0.625|| 1748 0.5625
1557 867 4.99947315454483 1 0.29411764705882354|| 867 0.5882352941176471|| 867 0.5294117647058824
2588 2588 4.999941468238831 0 0.3333333333333333|| 2588 0.6111111111111112|| 2588 0.5555555555555556
851 3268 4.01946859434247 372 0.3157894736842105|| 1529 0.5789473684210527|| 1529 0.5263157894736842
1537 86 4.985303699970245 15 0.3|| 1711 0.55|| 1711 0.5
2038 607 4.999561905860901 1 0.2857142857142857|| 2038 0.5714285714285714|| 2038 0.5238095238095238
548 3344 4.986289978027344 2 0.2727272727272727|| 548 0.5909090909090909|| 548 0.5454545454545454
3435 3435 4.999966859817505 0 0.30434782608695654|| 3435 0.6086956521739131|| 3435 0.5652173913043478
3686 1105 4.995079517364502 5 0.2916666666666667|| 3686 0.625|| 3686 0.5833333333333334
2828 2828 4.99995756149292 0 0.32|| 2828 0.64|| 2828 0.6
1247 1247 4.999785900115967 0 0.34615384615384615|| 1247 0.6538461538461539|| 1247 0.6153846153846154
1607 433 4.990374565124512 10 0.3333333333333333|| 545 0.6296296296296297|| 1533 0.5925925925925926
566 2466 4.6630478501319885 225 0.32142857142857145|| 1627 0.6071428571428571|| 1627 0.5714285714285714
413 3044 4.995261371135712 3 0.3103448275862069|| 413 0.6206896551724138|| 413 0.5862068965517241
3359 3359 4.999890565872192 0 0.3333333333333333|| 3359 0.6333333333333333|| 3359 0.6
790 3299 4.998445212841034 1 0.3225806451612903|| 790 0.6451612903225806|| 790 0.6129032258064516
464 2782 4.999353051185608 1 0.3125|| 464 0.65625|| 464 0.625
3082 2891 4.6659228801727295 192 0.30303030303030304|| 2891 0.6363636363636364|| 2891 0.6060606060606061
3221 3221 4.999949216842651 0 0.3235294117647059|| 3221 0.6470588235294118|| 3221 0.6176470588235294
630 1011 4.998634517192841 2 0.3142857142857143|| 630 0.6571428571428571|| 630 0.6285714285714286
252 1945 4.993402302265167 3 0.3055555555555556|| 252 0.6666666666666666|| 252 0.6388888888888888
1295 1295 4.999940872192383 0 0.32432432432432434|| 1295 0.6756756756756757|| 1295 0.6486486486486487
1521 2880 4.979249000549316 7 0.3157894736842105|| 3317 0.6578947368421053|| 1533 0.631578947368421
2817 1191 4.999439537525177 1 0.3076923076923077|| 2817 0.6666666666666666|| 2817 0.6410256410256411
472 472 4.999966382980347 0 0.325|| 472 0.675|| 472 0.65
2329 2329 4.999830603599548 0 0.34146341463414637|| 2329 0.6829268292682927|| 2329 0.6585365853658537
1338 578 4.99663245677948 3 0.3333333333333333|| 1338 0.6904761904761905|| 578 0.6428571428571429
3222 2762 4.9483190178871155 37 0.32558139534883723|| 2398 0.6744186046511628|| 2398 0.627906976744186
2133 2133 4.998462617397308 0 0.3409090909090909|| 2133 0.6818181818181818|| 2133 0.6363636363636364
848 848 4.99999213218689 0 0.35555555555555557|| 848 0.6888888888888889|| 848 0.6444444444444445
3436 1104 4.999382436275482 2 0.34782608695652173|| 663 0.6739130434782609|| 663 0.6304347826086957
1313 1011 4.759403049945831 117 0.3404255319148936|| 2462 0.6595744680851063|| 3601 0.6170212765957447
852 1051 4.9925888776779175 6 0.3333333333333333|| 852 0.6666666666666666|| 852 0.625
2681 2681 4.998332738876343 0 0.3469387755102041|| 2681 0.673469387755102|| 2681 0.6326530612244898
2748 2748 4.999398171901703 0 0.36|| 2748 0.68|| 2748 0.64
2019-05-06 14:35:29.590977 use: 5812.287411928177
Testing...
1236 985 4.989890515804291 10 0.0|| 985 0.0|| 985 0.0
1475 1475 4.999878764152527 0 0.5|| 1475 0.5|| 649 0.0
38 2634 4.894972503185272 14 0.3333333333333333|| 2879 0.3333333333333333|| 2879 0.0
2096 817 4.98880922794342 9 0.25|| 1650 0.25|| 1830 0.0
1657 1490 4.78416520357132 115 0.2|| 1595 0.2|| 1595 0.0
2811 2811 4.998221278190613 0 0.3333333333333333|| 3703 0.16666666666666666|| 2811 0.16666666666666666
2282 166 4.995906829833984 1 0.2857142857142857|| 2282 0.2857142857142857|| 2282 0.2857142857142857
2280 365 4.99901819229126 1 0.25|| 2280 0.375|| 2280 0.375
31 3174 4.997776985168457 3 0.2222222222222222|| 31 0.4444444444444444|| 31 0.4444444444444444
3432 1454 4.8500834703445435 59 0.2|| 1962 0.4|| 1962 0.4
3413 3413 4.999987483024597 0 0.2727272727272727|| 3413 0.45454545454545453|| 3413 0.45454545454545453
789 789 4.999794125556946 0 0.3333333333333333|| 789 0.5|| 789 0.5
884 981 4.985330283641815 24 0.3076923076923077|| 3002 0.46153846153846156|| 3002 0.46153846153846156
1765 1615 4.998420536518097 5 0.2857142857142857|| 3514 0.42857142857142855|| 1765 0.5
755 755 4.999488830566406 0 0.3333333333333333|| 755 0.4666666666666667|| 3594 0.4666666666666667
1946 636 4.988529741764069 19 0.3125|| 2608 0.4375|| 2608 0.4375
1050 3016 4.94229382276535 18 0.29411764705882354|| 854 0.4117647058823529|| 854 0.4117647058823529
1048 29 4.938263475894928 30 0.2777777777777778|| 29 0.3888888888888889|| 29 0.3888888888888889
2177 3530 4.992871522903442 6 0.2631578947368421|| 2177 0.42105263157894735|| 3530 0.3684210526315789
565 2918 4.989937126636505 5 0.25|| 565 0.45|| 565 0.4
1146 1146 4.999821662902832 0 0.2857142857142857|| 197 0.42857142857142855|| 197 0.38095238095238093
2357 2087 4.998993396759033 3 0.2727272727272727|| 2087 0.4090909090909091|| 2087 0.36363636363636365
1491 2367 4.999444782733917 13 0.2608695652173913|| 3424 0.391304347826087|| 3424 0.34782608695652173
2127 1671 4.570975720882416 70 0.25|| 1671 0.375|| 1605 0.3333333333333333
2619 2619 4.9997947216033936 0 0.28|| 2619 0.4|| 2619 0.36
3538 614 4.991836488246918 6 0.2692307692307692|| 3538 0.4230769230769231|| 3538 0.38461538461538464
1783 1783 4.999990105628967 0 0.2962962962962963|| 1783 0.4444444444444444|| 1783 0.4074074074074074
112 112 4.999897480010986 0 0.32142857142857145|| 112 0.4642857142857143|| 112 0.42857142857142855
965 965 4.999856948852539 0 0.3448275862068966|| 965 0.4827586206896552|| 965 0.4482758620689655
3722 3722 4.999210298061371 0 0.36666666666666664|| 3722 0.5|| 3722 0.4666666666666667
3638 412 4.999065697193146 2 0.3548387096774194|| 412 0.4838709677419355|| 412 0.45161290322580644
94 94 4.999963045120239 0 0.375|| 94 0.5|| 94 0.46875
1167 2463 4.978723704814911 20 0.36363636363636365|| 2463 0.48484848484848486|| 2463 0.45454545454545453
2393 2393 4.999614119529724 0 0.38235294117647056|| 2393 0.5|| 2393 0.47058823529411764
2654 2654 4.999617695808411 0 0.4|| 2654 0.5142857142857142|| 2654 0.4857142857142857
2315 3647 4.9983029961586 3 0.3888888888888889|| 2315 0.5277777777777778|| 2315 0.5
1114 642 4.615321159362793 112 0.3783783783783784|| 2715 0.5135135135135135|| 2715 0.4864864864864865
460 460 4.9999730587005615 0 0.39473684210526316|| 460 0.5263157894736842|| 460 0.5
811 811 4.999860882759094 0 0.41025641025641024|| 811 0.5384615384615384|| 811 0.5128205128205128
1640 1640 4.999871492385864 0 0.425|| 635 0.525|| 1640 0.525
1596 2914 4.990778088569641 6 0.4146341463414634|| 2914 0.5121951219512195|| 3039 0.5121951219512195
895 2820 4.993948876857758 11 0.40476190476190477|| 3136 0.5|| 3136 0.5
2749 2749 4.999969005584717 0 0.4186046511627907|| 2749 0.5116279069767442|| 2749 0.5116279069767442
1245 3135 4.990971207618713 6 0.4090909090909091|| 2880 0.5|| 1245 0.5227272727272727
997 997 4.989995241165161 0 0.4222222222222222|| 997 0.5111111111111111|| 997 0.5333333333333333
3255 3255 4.999654948711395 0 0.43478260869565216|| 3255 0.5217391304347826|| 3255 0.5434782608695652
3584 2299 4.997861325740814 3 0.425531914893617|| 3584 0.5319148936170213|| 3584 0.5531914893617021
Traceback (most recent call last):
  File "b4++.py", line 427, in <module>
    main()
  File "b4++.py", line 342, in main
    batches = torch.zeros(sz*5, 1, 84, 84)
RuntimeError: $ Torch: not enough memory: you tried to allocate 0GB. Buy new RAM! at ..\aten\src\TH\THGeneral.cpp:201

F:\code\python\hand_writing\code>