0 1997 1
2 1722 1
3 2061 0
5 2108 0
6 1616 1
8 2076 0
10 2105 1
11 2067 1
12 1656 1
13 1975 1
15 1708 1
16 2100 0
17 2075 1
18 1020 1
19 2058 0
20 1210 1
22 2036 0
24 2063 0
25 2077 0
27 1223 1
28 2078 0
29 1871 1
30 2068 0
31 2084 0
32 2075 1
33 2044 0
34 2067 1
35 2038 0
36 1722 1
37 1765 1
38 2101 1
39 2105 0
40 2072 0
41 1428 1
42 2080 0
43 2085 0
44 2051 1
45 1684 1
47 2101 0
51 2102 1
54 925 1
55 2059 0
56 1647 1
57 2085 1
58 1360 1
59 2046 1
61 2046 0
62 2103 0
63 2104 0
64 1765 1
65 1050 1
66 2090 0
67 1965 1
68 2064 0
69 2051 0
70 1823 1
71 2098 0
72 1225 1
73 2089 0
77 2030 1
79 1249 0
80 1207 0
86 1082 1
93 1997 1
97 1799 0
101 1162 1
105 1322 0
106 2080 1
112 2058 1
114 1842 0
126 1528 1
131 1975 0
150 1785 0
153 1510 0
160 972 1
167 1528 1
172 1488 0
178 1162 0
179 1210 1
187 2073 1
206 1432 0
222 1285 1
224 2042 1
228 1962 0
238 1214 1
246 2030 1
253 1281 1
267 1537 0
275 1706 0
298 1162 1
301 972 1
312 1405 0
314 1080 0
338 1031 0
341 920 1
342 1871 0
358 2068 1
367 1058 0
368 1684 1
379 2078 1
385 1220 0
389 1905 0
393 1281 1
398 2057 1
420 2051 1
425 978 1
441 2058 1
450 1939 0
453 1261 1
457 951 1
463 1214 1
475 1502 1
479 1528 1
486 1508 1
490 1450 1
508 1125 0
524 1645 1
527 951 1
530 1510 1
531 1390 0
543 1238 1
551 2044 1
578 1324 1
580 1822 1
581 1281 0
583 972 0
584 1038 0
594 1785 1
599 1939 1
610 1647 0
613 1578 0
614 1753 1
616 1261 0
622 1937 1
630 1756 1
642 1083 1
649 2044 1
650 1169 0
651 1309 0
657 1428 0
660 1020 1
663 1997 1
665 1883 0
682 2090 1
685 2075 1
689 1659 1
690 1011 0
692 1155 0
704 1662 1
708 980 0
712 1311 1
718 2027 0
733 925 1
744 1028 1
748 1822 1
752 1556 1
753 2051 1
758 1937 0
760 920 1
764 2083 1
767 1997 0
773 1047 1
777 925 1
780 2055 1
790 1450 0
793 1386 0
796 1197 1
799 1556 0
809 2030 0
812 1756 0
814 1213 1
821 1359 0
825 1082 1
834 1162 1
843 1311 0
844 1020 0
845 925 1
846 2051 1
862 1371 1
866 1466 0
869 1364 1
873 1905 1
874 1224 0
886 1238 1
895 1124 0
896 1656 1
898 1502 1
899 1569 0
900 1390 1
166 2042 1
173 1513 0
191 2065 1
197 2084 1
201 1360 0
252 2043 1
353 1466 1
357 1815 1
404 1965 0
412 1957 0
430 1047 1
436 2038 1
455 1197 1
471 1722 0
535 1647 1
662 1082 0
670 1932 0
686 1324 1
732 2043 1
786 2074 1
798 1594 0
804 1105 0
859 2043 1
