0 1985 1
1 2336 0
2 2128 0
3 2009 0
4 2336 1
5 1960 1
6 2035 0
7 1968 1
8 2110 0
9 2293 0
11 2057 0
12 2230 0
13 2369 0
15 2343 0
16 2321 0
17 2200 1
18 2435 1
20 1871 0
21 1875 0
22 2385 0
23 2377 0
24 2238 0
25 2385 1
27 2310 0
28 2435 1
30 2142 0
31 2451 0
32 2320 0
33 2010 0
35 2144 1
36 1951 1
39 1946 1
40 2150 0
41 2142 1
42 2405 0
43 2290 0
44 2408 0
45 2307 0
46 1810 1
47 2368 0
48 2330 0
49 2400 0
50 2275 1
52 2144 0
53 2300 0
54 2360 0
55 2394 0
56 2039 0
57 2376 0
58 2301 0
59 2389 0
60 2287 1
61 2122 0
62 1998 0
63 2040 0
65 2140 1
66 1687 1
67 2118 0
68 2016 0
69 2058 0
73 2384 1
74 2193 0
75 2299 0
76 1876 0
77 2117 1
80 2303 0
81 2268 1
82 1946 1
83 2316 0
84 2079 0
85 2222 1
87 1927 0
88 1957 0
89 2181 1
90 1879 0
92 1687 1
93 2332 0
94 2408 1
95 1932 0
96 2013 0
97 2072 1
98 1705 1
99 2319 0
102 1994 0
103 2271 0
104 1945 0
105 2064 0
106 2442 1
107 1953 0
108 2050 0
109 2060 0
110 2027 0
111 2335 0
112 2358 0
113 2213 0
114 2048 1
115 2410 1
116 2250 0
117 2033 0
118 2164 0
119 1914 0
120 2376 1
122 2140 0
123 2351 0
124 2279 0
125 1976 1
126 2305 1
127 1931 1
128 2385 1
129 2129 0
131 2388 0
133 2049 1
134 2288 0
135 2313 0
136 2196 0
137 1601 1
139 2163 0
141 1916 0
142 2012 1
143 2200 1
144 2450 0
145 2176 1
146 2379 0
148 2216 0
149 2380 0
151 2200 1
153 2088 0
154 2446 0
155 1913 0
156 2187 0
157 2107 0
158 2117 1
159 1915 0
160 2200 0
161 1873 1
162 2081 1
163 2061 0
164 2266 0
165 1909 0
166 2072 1
167 1981 1
168 1955 0
169 2212 0
170 2237 0
171 2326 0
172 2243 0
173 1918 1
175 2122 1
176 2396 0
178 2419 1
179 1981 0
180 2334 0
181 2438 1
182 1963 1
183 2167 1
184 1873 1
185 2149 0
186 2128 1
187 2270 1
189 1939 0
190 2186 1
191 2023 0
192 2199 0
193 1976 1
194 2191 0
195 2160 1
196 1400 1
197 2390 0
199 2126 0
200 2097 0
201 2205 0
202 2112 0
203 1986 0
204 1873 0
205 2270 1
206 1907 1
207 2078 0
208 1961 0
209 2051 0
210 2245 0
211 2071 1
212 2371 0
213 2266 1
214 2429 0
215 2374 0
217 2091 0
218 2294 1
219 2139 0
220 1977 1
222 2127 0
223 2202 0
224 2063 0
225 2291 0
226 1985 0
227 2059 1
230 2256 0
231 1705 0
232 1976 1
233 2433 1
234 2052 0
236 1879 1
239 1501 0
241 2438 0
242 2418 0
243 2372 0
244 2012 0
246 1945 1
247 2211 0
248 2025 1
249 2367 1
252 2418 1
253 2416 0
254 2395 0
255 2236 1
257 2280 0
259 2337 0
260 2178 1
261 1934 0
262 2274 0
263 2022 0
264 1331 1
265 2232 0
266 2145 1
267 1882 1
268 2133 0
269 2014 0
270 2299 1
271 2037 0
273 1980 0
274 2013 1
275 1965 0
276 1940 0
277 2077 0
278 2306 0
279 1882 0
280 2166 0
281 2406 0
282 2397 0
283 2042 1
284 2072 0
285 2147 0
286 1925 1
287 2041 0
288 2064 1
289 2168 0
290 2373 0
292 2417 0
293 2355 0
294 2287 0
295 1895 0
296 2192 1
298 2217 0
299 2305 0
300 2361 0
301 2252 0
302 2216 1
303 2261 1
305 1931 0
307 2033 1
308 2261 0
309 2015 0
310 2131 0
311 2312 0
312 2251 0
313 2316 1
314 2082 0
315 2440 0
316 2156 0
317 2059 0
318 2435 1
320 2273 0
321 2360 1
322 1892 0
323 2448 0
325 1946 0
327 2136 0
328 2222 0
331 2176 0
334 2001 0
335 1918 0
336 2223 0
337 1975 0
338 2103 1
339 1925 1
340 2226 0
341 1907 0
342 2346 1
343 2421 1
344 1896 0
345 2370 0
346 1884 0
347 1937 1
349 2195 0
350 2121 0
351 1947 0
352 2342 0
353 2141 0
354 2353 0
355 1976 1
356 2003 1
358 2215 0
359 2220 0
360 2070 0
362 2062 0
363 2117 0
364 2387 0
365 2006 0
366 2434 0
367 2011 0
368 2089 1
370 2210 0
372 2181 0
373 2123 1
374 2339 0
375 1934 1
377 2120 0
378 2169 0
379 2315 0
381 1966 1
382 2031 1
383 2179 0
384 1900 0
385 1906 0
386 1890 0
387 2292 1
388 2333 0
389 1931 1
390 2413 0
391 2233 0
392 1931 1
393 2178 0
394 2387 1
395 2386 0
398 2294 1
399 2304 0
400 1983 0
401 2419 1
402 1979 0
403 2421 1
404 2071 0
406 1925 1
409 2308 0
410 2064 1
411 2125 0
412 2436 0
413 2116 0
414 1944 0
416 2095 1
417 1872 0
418 1938 0
421 2207 0
422 2240 0
423 2314 0
424 2270 0
425 2241 0
427 2048 0
428 2113 1
429 2271 1
431 1964 0
432 2200 1
433 2053 0
434 2031 0
435 2435 1
437 2378 0
439 1927 1
440 2263 0
441 1914 1
442 2018 0
443 2329 0
445 2419 1
447 2138 0
448 2375 0
449 1948 0
450 2171 0
451 2103 0
452 1924 1
453 1987 0
454 2183 0
455 2159 0
456 2323 0
457 1955 1
458 2364 0
459 2265 0
460 2022 1
462 2397 1
464 1873 1
465 2007 0
466 1968 1
467 2195 1
468 2365 0
469 2140 1
470 2344 0
471 2231 0
472 2194 0
473 2442 0
474 2346 0
475 2200 1
476 2194 1
477 2214 0
478 2264 0
480 2102 0
481 2262 0
483 2435 0
484 2342 1
487 2311 0
488 2409 0
490 2298 0
491 1998 1
492 2398 0
493 2267 0
494 2013 1
495 2043 0
497 2151 0
499 2435 1
500 2026 1
501 2090 1
505 1926 0
506 1914 1
508 1977 0
509 2059 1
510 1982 0
511 2292 0
512 2366 0
513 2428 0
514 2294 1
515 1984 1
516 2203 0
517 2332 1
520 2076 0
521 2003 0
522 2427 0
523 1875 1
524 2095 0
525 2145 0
526 2410 0
528 2001 1
529 2036 1
530 2239 0
531 1871 1
532 2269 0
535 2025 0
536 2105 0
537 1874 0
538 2441 0
539 2136 1
540 2120 1
541 2276 1
542 2080 1
543 2138 1
544 2330 1
545 1985 1
547 1933 0
548 1880 0
550 2002 0
551 1995 0
552 2042 0
553 2141 1
554 2157 0
555 2275 0
556 1969 0
557 2103 1
558 1990 0
560 2228 0
561 2392 0
562 2123 0
563 2080 0
564 2094 0
565 2025 1
568 2221 0
569 2257 0
570 2344 1
571 2111 0
572 2204 0
573 2110 1
574 2075 0
575 2172 0
576 2190 0
577 2026 0
578 2216 1
579 2384 0
580 2354 0
636 2266 1
675 1372 0
698 1660 1
717 1924 1
727 2109 1
731 1490 1
822 1400 0
945 1335 0
973 1301 0
991 2186 1
992 2035 1
1005 1375 0
1031 1958 1
1072 1519 0
1153 2129 1
1181 1799 0
1183 1924 1
1234 1577 0
1283 1871 1
1293 1376 0
612 2335 1
618 1756 0
620 1720 1
621 1964 1
659 1821 0
674 1331 0
682 1837 0
732 1686 0
750 2044 1
784 1490 0
788 1529 0
789 2027 1
792 2204 1
793 2155 1
813 1434 1
851 2160 1
925 2214 1
957 1983 1
960 2321 1
972 1409 0
1015 1599 0
1081 1801 0
1084 2319 1
1155 2098 1
1180 2033 1
1251 2184 1
1263 1986 1
1284 2036 1
