0 2363 0
1 2587 0
2 2981 1
3 2656 0
4 2378 0
5 2316 1
6 2268 1
7 3009 0
8 2300 0
9 2265 0
10 2969 0
11 2806 0
12 2718 1
13 2480 0
14 2630 1
15 2323 0
16 2478 1
17 2167 1
18 2194 0
19 2519 1
20 2459 0
21 2160 0
22 2467 0
23 2469 0
24 2218 0
25 2204 1
26 2879 0
27 2420 0
28 2842 1
29 2899 0
30 2190 1
31 2553 0
32 2611 0
33 2263 0
34 2188 0
35 2483 1
36 2499 0
37 2343 0
38 2397 0
39 2590 1
40 2860 0
41 2252 1
42 2174 0
43 2841 0
44 2570 0
45 2313 0
46 2368 0
47 2633 0
48 2933 0
49 2442 0
50 3014 0
51 2491 0
52 2479 0
53 2509 0
54 2236 1
55 2544 0
56 2929 0
57 2516 0
58 2422 0
59 2138 0
60 2846 1
61 2243 1
62 2350 1
63 2986 1
64 2648 1
65 2971 0
66 2812 1
67 2917 0
68 2785 0
69 2861 0
70 2278 0
71 2932 0
72 2173 1
73 2176 1
74 2550 1
75 2288 0
76 2483 0
77 2198 1
78 2231 0
79 2388 0
80 2192 0
81 2666 1
82 2850 0
83 2972 0
84 2666 1
85 2410 1
86 2234 1
87 2555 0
88 2210 0
89 2269 1
90 2555 1
91 2732 0
92 2699 1
93 2532 0
94 2521 1
95 2609 1
96 2485 0
97 2562 1
98 2615 1
99 2432 0
100 2673 0
101 2406 0
102 2146 0
103 2260 1
104 2261 0
105 2816 0
106 2134 1
107 2534 0
108 2301 0
109 2661 0
110 2797 0
111 2168 0
112 2427 1
113 2363 1
114 2166 0
115 2538 0
116 2542 1
117 2675 0
118 2316 0
119 2258 1
120 2733 0
121 2391 0
122 2619 0
123 2814 0
124 2605 0
125 2983 0
126 2340 0
127 2457 0
128 2506 1
129 2636 0
130 2422 1
131 2948 0
132 2642 0
133 2417 0
134 2357 0
135 2455 0
136 2342 0
137 2350 0
138 2559 0
139 2718 0
140 2669 0
141 2185 0
142 2399 0
143 2419 1
144 2198 1
145 2769 0
146 3018 1
147 2164 0
148 2551 0
149 2842 1
150 2925 0
151 2294 0
152 2203 0
153 2979 0
154 2492 0
155 2415 0
156 2154 0
157 2660 1
158 2445 1
159 2751 1
160 2675 1
161 2653 0
162 2213 1
163 2558 0
164 2645 0
165 2556 1
166 2618 1
167 2666 0
168 2919 1
169 2682 1
170 2258 1
171 2184 0
172 2794 0
173 2142 0
174 2247 0
175 2462 1
176 2595 0
177 2178 0
178 2593 1
179 2375 0
180 2784 0
181 2505 0
182 2184 1
183 2181 0
184 2222 0
185 2151 1
186 2914 0
187 2862 1
188 2145 0
189 2206 0
190 2519 0
191 2489 0
192 2353 0
193 2481 0
194 2562 0
195 2274 0
196 2882 0
197 2440 0
198 2267 0
199 2217 0
200 2547 0
201 2781 1
202 2445 0
203 2485 1
204 2414 1
205 2344 1
206 2742 0
207 2614 0
208 2885 0
209 2235 1
210 2696 0
211 2387 0
212 2869 1
213 2726 1
214 2243 0
215 2936 0
216 2365 0
217 2244 1
218 2248 0
219 2583 0
220 2352 1
221 2665 0
222 2253 0
223 2259 0
224 2893 0
225 2363 1
226 2336 0
227 2617 0
228 2268 1
229 2756 0
230 2503 1
231 2448 0
232 2550 1
233 2764 0
234 2300 1
235 2220 0
236 2183 0
237 2682 0
238 2182 0
239 2442 1
240 2317 1
241 2362 0
242 2216 0
243 2204 1
244 2411 0
245 2444 0
246 2553 1
247 2366 1
248 2674 0
249 2346 0
250 2937 0
251 2757 0
252 2240 1
253 2231 1
254 2820 0
255 2157 0
256 2607 1
257 2410 0
258 2591 0
259 2852 0
260 2202 0
261 2418 0
262 2989 0
263 2790 0
264 2474 0
265 2329 0
266 2856 0
267 2520 0
268 2805 1
269 2511 1
270 2641 0
271 2152 0
272 2849 0
273 2453 0
274 2662 0
275 2655 0
276 2259 1
277 2834 0
278 2903 0
279 2266 0
280 2804 0
281 2347 0
282 2352 1
283 2596 0
284 2437 0
285 2414 0
286 2755 0
287 2897 1
288 2649 0
289 2566 0
290 2632 0
291 2319 0
292 2314 0
293 2354 0
294 2744 0
295 2974 0
296 2768 1
297 2847 0
298 2963 0
299 2242 0
300 2561 0
301 2874 0
302 2302 0
303 2485 1
304 2990 0
305 2688 0
306 2740 1
307 2533 1
308 2451 0
309 2389 1
310 2447 0
311 2512 0
312 2423 0
313 2593 0
314 2694 1
315 2618 1
316 2540 0
317 2177 0
318 2997 0
319 2603 0
320 2204 1
321 2930 0
322 2395 1
323 2193 0
324 2827 1
325 2507 0
326 2297 0
327 2582 0
328 2625 0
329 2349 0
330 2344 1
331 2236 0
332 2509 1
333 2385 1
334 2278 1
335 2681 0
336 2271 0
337 2392 0
338 2892 0
339 2285 0
340 2156 0
341 2412 1
342 2252 0
343 2139 0
344 2660 1
345 2576 0
346 2842 0
347 2807 0
348 2739 0
349 2812 0
350 2598 0
351 2238 0
352 2375 1
353 2738 0
354 2842 1
355 2541 0
356 2514 0
357 2438 0
358 2493 0
359 2759 0
360 2987 1
361 2522 0
362 2785 1
363 2731 1
364 2202 1
365 2859 0
366 2379 1
367 2564 0
368 2798 0
369 2659 0
370 2275 0
371 2638 0
372 2298 1
373 2358 0
374 2165 0
375 2387 1
376 2975 0
377 2682 1
378 2335 1
379 2920 0
380 2864 1
381 2298 0
382 2425 0
383 2366 0
384 2657 1
385 2311 0
386 2209 0
387 2466 0
388 2180 0
389 2370 0
390 2996 0
391 2795 0
392 2672 0
393 2258 1
394 2624 0
395 2255 0
396 2199 1
397 2550 0
398 2748 1
399 2281 0
400 2866 0
401 2736 1
402 2590 0
403 2858 1
404 2168 1
405 2740 0
406 2664 0
407 2542 0
408 2324 1
409 2251 0
410 2320 0
411 2284 0
412 2799 0
413 2176 0
414 2155 0
415 2998 0
416 2208 1
417 2907 1
418 2694 0
419 2613 0
420 2967 1
421 2477 0
422 2846 0
423 2402 1
424 2643 0
425 2919 1
426 2137 0
427 2372 1
428 2476 0
429 2442 1
430 2248 1
431 2460 1
432 2291 0
433 2341 0
434 2150 0
435 2625 1
436 2229 0
437 2350 1
438 2791 0
439 2269 0
440 2159 0
441 2416 0
442 2703 0
443 2477 1
444 2804 1
445 2170 1
446 2359 0
447 2503 0
448 2599 1
449 2452 1
450 2622 0
451 2657 1
452 2530 0
453 2857 0
454 2386 1
455 3007 0
456 2320 1
457 2299 0
458 2260 0
459 2828 0
460 2449 0
461 2710 1
462 2712 0
463 2200 0
464 2446 0
465 2987 0
466 2803 0
467 2321 0
468 2457 1
469 2187 0
470 2515 0
471 2167 0
472 2456 0
473 2599 0
474 2351 0
475 2731 0
476 2172 0
477 2421 0
478 2826 1
479 2502 0
480 2671 1
481 2162 0
482 2228 0
483 2352 0
484 2650 1
485 2658 0
486 2204 1
487 2711 0
488 2623 0
489 2627 1
490 2651 0
491 2290 0
492 2858 0
493 2518 0
494 2148 0
495 2374 0
496 2802 0
497 2135 1
498 2270 0
499 2531 0
500 2462 1
501 2871 0
502 2135 0
503 2950 0
504 2450 0
505 2539 0
506 2310 0
507 2201 0
508 2192 1
509 2338 0
510 2375 1
511 2151 1
512 2333 0
513 2765 0
514 2140 1
515 2427 1
516 2931 0
517 2445 1
518 2461 0
519 2432 1
520 2600 0
521 2246 0
522 2844 0
523 2513 0
524 2324 0
525 2510 0
526 2584 0
527 2940 0
528 2928 0
529 2398 0
530 2322 0
531 2910 0
532 2904 0
533 2134 0
534 2584 1
535 3008 0
536 2988 0
537 2548 0
538 2136 0
539 2835 0
540 2368 1
541 3017 0
542 2245 0
543 2628 0
544 2782 0
545 2873 0
546 2764 1
547 2344 0
548 2616 0
549 2426 1
550 2309 0
551 2599 1
552 2289 0
553 2336 1
554 2709 0
555 2701 0
556 2355 0
557 3004 0
558 2762 0
559 2403 0
560 2783 0
561 2731 1
562 2315 1
563 2317 0
564 2380 0
565 2395 1
566 2227 1
567 2411 1
568 2321 1
569 2454 0
570 2625 1
571 2556 1
572 2271 1
573 2432 1
574 2536 0
575 2468 0
576 2304 0
577 2635 0
578 2487 1
579 2419 0
580 2292 0
581 2511 0
582 2170 0
583 2458 0
584 2683 1
585 2394 0
586 2858 1
587 2615 0
588 2604 0
589 2196 0
590 2147 0
591 2886 0
592 2995 0
593 2792 1
594 2533 0
595 2840 0
596 2446 1
597 2392 1
598 2535 1
599 2325 0
600 2361 0
601 2563 0
602 2972 1
603 2644 0
604 2331 0
605 2945 1
606 2171 0
607 2935 0
608 2731 1
609 2173 0
610 2308 0
611 2768 0
612 2521 0
613 2210 1
614 2949 0
615 2750 0
616 2758 0
617 2601 0
618 2241 0
619 2926 0
620 2870 0
621 2544 1
622 2411 1
623 2708 0
624 2572 0
625 2964 0
626 2526 0
627 2429 0
628 2369 1
629 2553 1
630 2279 1
631 2192 1
632 2369 0
633 2984 0
634 2189 0
635 2405 0
636 2501 0
637 2748 0
638 2767 0
639 2978 0
640 2398 1
641 2460 0
642 2872 0
643 2381 0
644 2656 1
645 2702 0
646 2621 0
647 2308 1
648 2554 0
649 2328 0
650 2935 1
651 2482 0
652 2133 0
653 2843 1
654 2490 0
655 2981 0
656 2700 1
657 2377 0
658 2680 0
659 2144 0
660 2796 0
661 2554 1
662 2574 0
663 2151 0
664 2654 0
665 2385 0
666 2560 0
667 2906 0
668 2330 1
669 2911 0
670 2463 0
671 2766 1
672 2169 0
673 2869 0
674 2690 0
675 2511 1
676 2140 0
677 2650 0
678 2956 0
679 2773 0
680 2529 0
681 2195 0
682 2356 0
683 3005 0
684 2763 0
685 2413 0
686 2864 0
687 2647 0
688 2205 0
689 2257 0
690 2260 1
691 2648 0
692 2597 0
693 2307 0
694 2337 1
695 2862 0
696 2618 0
697 2293 0
698 2894 0
699 2497 0
700 2428 0
701 2204 0
702 2225 0
703 2590 1
704 2945 0
705 2653 1
706 2136 1
707 2326 0
708 2634 0
709 2877 0
710 2710 1
711 2198 0
712 2588 1
713 2345 0
714 2714 0
715 2187 1
716 2688 1
717 2579 0
718 2948 1
719 2276 0
720 2395 1
721 2552 0
722 2475 0
723 2707 0
724 2988 1
725 2315 0
726 2751 0
727 2761 0
728 2242 1
729 2809 0
730 2771 0
731 2310 1
732 2499 1
733 2334 0
734 3018 1
735 2606 0
736 2409 0
737 2464 0
738 2716 0
739 2306 0
740 2848 0
741 2785 1
742 2427 1
743 2951 0
744 2517 0
745 2312 0
746 2300 1
747 2316 1
748 2590 1
749 2230 1
750 2390 0
751 2368 1
752 2793 0
753 2224 0
754 2161 1
755 2734 0
756 2143 0
757 2939 0
758 2163 0
759 2240 0
760 2426 0
815 2154 1
762 2439 0
763 2692 0
764 2860 1
765 2886 1
766 2339 0
767 2332 0
768 2275 1
769 2208 0
770 2660 0
771 2389 0
772 2646 0
773 2407 0
774 2505 1
775 2719 0
776 2938 0
777 2504 0
778 2273 0
779 2197 0
780 2523 0
781 2556 1
782 2957 0
783 2656 1
784 2192 1
785 2309 1
786 2376 0
787 2823 0
788 2322 1
789 3023 0
790 2611 1
791 2431 0
792 2607 0
793 2647 1
794 2700 0
795 2384 0
796 2646 1
797 2901 0
798 2729 0
799 2895 0
800 2498 0
801 2537 0
802 2824 0
803 2259 1
804 2364 0
805 2442 1
806 3005 1
807 2244 0
808 2199 0
809 2221 0
810 2226 0
811 2234 0
812 2549 0
813 2401 0
814 2746 0
816 2715 0
817 2254 0
818 2401 1
819 2227 0
820 2779 0
821 2486 0
822 2908 1
823 2191 0
824 2519 1
825 2767 1
826 2888 0
827 2199 1
828 2407 1
829 2137 1
830 2637 0
831 2277 0
832 2372 0
833 2725 0
834 2705 0
835 2993 0
836 2766 0
837 2424 0
838 2441 0
839 2954 0
840 2571 0
841 2550 1
842 2324 1
843 2521 1
844 2422 1
845 2393 0
846 2567 1
847 2939 1
848 2335 0
849 2756 1
850 2792 0
851 2256 0
852 2296 0
853 2358 1
854 2396 0
855 2698 0
856 2237 0
857 2630 0
858 2378 1
859 2881 0
860 2318 1
861 2207 0
862 2980 0
863 2191 1
864 2931 1
865 2897 0
866 2168 1
867 2157 1
868 2602 0
869 2232 0
870 2235 0
871 2282 0
872 2179 0
873 2650 1
874 2970 0
875 2233 0
876 2813 0
877 2991 0
878 2722 0
879 2967 0
880 2219 0
881 2348 0
882 2283 0
883 2483 1
884 2684 0
885 2249 0
886 2332 1
887 2736 1
888 2408 0
889 2907 0
890 2459 1
