
F:\code\python\hand_writing\code>python b4++.py
Training...
start: 2019-05-05 21:47:14.956137
Testing...
2171 1443 4.998552441596985 2 0.0|| 2171 1.0|| 8 0.0
3107 2923 4.994111180305481 2 0.0|| 3107 1.0|| 2458 0.0
617 617 4.999983310699463 0 0.3333333333333333|| 617 1.0|| 617 0.3333333333333333
2809 3276 4.994255185127258 8 0.25|| 2809 1.0|| 2809 0.5
638 366 4.997131109237671 1 0.2|| 638 1.0|| 638 0.6
679 674 4.992447555065155 5 0.16666666666666666|| 679 1.0|| 679 0.6666666666666666
2377 420 4.999687910079956 2 0.14285714285714285|| 2377 1.0|| 2377 0.7142857142857143
1116 1116 4.9998862743377686 0 0.25|| 1116 1.0|| 1116 0.75
2096 344 4.971720337867737 12 0.2222222222222222|| 2772 0.8888888888888888|| 11 0.6666666666666666
1819 3340 4.426624655723572 225 0.2|| 3165 0.8|| 3165 0.6
2389 2389 4.999592125415802 0 0.2727272727272727|| 2389 0.8181818181818182|| 2389 0.6363636363636364
459 2203 4.924521028995514 62 0.25|| 3076 0.75|| 3076 0.5833333333333334
267 1899 4.982560157775879 32 0.23076923076923078|| 3471 0.6923076923076923|| 3471 0.5384615384615384
3738 1147 4.999433755874634 8 0.21428571428571427|| 3738 0.7142857142857143|| 3738 0.5714285714285714
2828 2828 4.999878406524658 0 0.26666666666666666|| 2264 0.6666666666666666|| 2264 0.5333333333333333
3078 2622 4.856641709804535 153 0.25|| 3051 0.625|| 3051 0.5
2115 3685 4.999890565872192 1 0.23529411764705882|| 2115 0.6470588235294118|| 3685 0.47058823529411764
1848 846 4.998704314231873 7 0.2222222222222222|| 1974 0.6111111111111112|| 1974 0.4444444444444444
2208 65 4.93916517496109 55 0.21052631578947367|| 3491 0.5789473684210527|| 3491 0.42105263157894735
333 601 4.825037240982056 137 0.2|| 3134 0.55|| 3134 0.4
710 1793 4.9977187514305115 2 0.19047619047619047|| 710 0.5714285714285714|| 710 0.42857142857142855
2699 1254 4.959499478340149 41 0.18181818181818182|| 2331 0.5454545454545454|| 2331 0.4090909090909091
2621 688 4.998917877674103 1 0.17391304347826086|| 2621 0.5652173913043478|| 3020 0.391304347826087
3059 3059 4.99997353553772 0 0.20833333333333334|| 3059 0.5833333333333334|| 3059 0.4166666666666667
1120 1646 4.999777317047119 1 0.2|| 1120 0.6|| 1120 0.44
824 75 4.998926162719727 7 0.19230769230769232|| 3733 0.5769230769230769|| 824 0.46153846153846156
2909 1184 4.9994253516197205 1 0.18518518518518517|| 334 0.5555555555555556|| 334 0.4444444444444444
3055 2110 4.996751189231873 10 0.17857142857142858|| 1553 0.5357142857142857|| 1553 0.42857142857142855
502 3622 4.999465584754944 1 0.1724137931034483|| 502 0.5517241379310345|| 502 0.4482758620689655
2386 1024 4.66143798828125 175 0.16666666666666666|| 872 0.5333333333333333|| 872 0.43333333333333335
1250 1250 4.999927997589111 0 0.1935483870967742|| 1250 0.5483870967741935|| 1250 0.45161290322580644
3206 2276 4.8445727825164795 124 0.1875|| 755 0.53125|| 169 0.4375
719 674 4.941449165344238 20 0.18181818181818182|| 1374 0.5151515151515151|| 775 0.42424242424242425
1142 2276 4.993744492530823 2 0.17647058823529413|| 1142 0.5294117647058824|| 1142 0.4411764705882353
1686 3058 4.998488485813141 4 0.17142857142857143|| 1686 0.5428571428571428|| 1686 0.45714285714285713
3678 3678 4.999979257583618 0 0.19444444444444445|| 3678 0.5555555555555556|| 3678 0.4722222222222222
1731 2875 4.974143922328949 8 0.1891891891891892|| 2875 0.5405405405405406|| 2875 0.4594594594594595
3527 605 4.997760772705078 18 0.18421052631578946|| 198 0.5263157894736842|| 198 0.4473684210526316
1215 1883 4.802443861961365 132 0.1794871794871795|| 3106 0.5128205128205128|| 2879 0.4358974358974359
1519 799 4.987950921058655 15 0.175|| 2261 0.5|| 2261 0.425
2373 1155 4.982245743274689 36 0.17073170731707318|| 1587 0.4878048780487805|| 1587 0.4146341463414634
1332 327 4.999660670757294 1 0.16666666666666666|| 1332 0.5|| 1332 0.42857142857142855
255 380 4.191770255565643 313 0.16279069767441862|| 1627 0.4883720930232558|| 1627 0.4186046511627907
2792 533 4.999727129936218 3 0.1590909090909091|| 1309 0.4772727272727273|| 1309 0.4090909090909091
1065 3270 4.9135207533836365 35 0.15555555555555556|| 3270 0.4666666666666667|| 3270 0.4
66 1977 4.981232285499573 35 0.15217391304347827|| 1977 0.45652173913043476|| 1977 0.391304347826087
898 2732 4.98823618888855 28 0.14893617021276595|| 2095 0.44680851063829785|| 2756 0.3829787234042553
1498 3102 4.999598324298859 2 0.14583333333333334|| 3102 0.4375|| 1537 0.375
1173 1173 4.999987959861755 0 0.16326530612244897|| 1173 0.4489795918367347|| 1173 0.3877551020408163
3731 431 4.99616926908493 12 0.16|| 431 0.44|| 431 0.38
2019-05-05 22:01:02.028927 use: 827.0727906227112
Testing...
285 285 4.999768137931824 0 1.0|| 285 1.0|| 285 1.0
1810 2785 4.999567151069641 1 0.5|| 1810 1.0|| 1810 1.0
1425 939 4.953280925750732 44 0.3333333333333333|| 2958 0.6666666666666666|| 2958 0.6666666666666666
293 2113 4.999227821826935 2 0.25|| 293 0.75|| 293 0.75
151 1909 4.967759728431702 103 0.2|| 1909 0.6|| 1909 0.6
3730 3730 4.994522273540497 0 0.3333333333333333|| 3730 0.6666666666666666|| 3730 0.6666666666666666
1519 2261 4.983509182929993 15 0.2857142857142857|| 2261 0.5714285714285714|| 2261 0.5714285714285714
1280 1280 4.999358415603638 0 0.375|| 2359 0.5|| 2359 0.5
2672 3390 4.997684299945831 5 0.3333333333333333|| 2672 0.5555555555555556|| 2672 0.5555555555555556
2138 2534 4.952650785446167 13 0.3|| 1597 0.5|| 1246 0.5
3542 2429 4.998572826385498 4 0.2727272727272727|| 2429 0.45454545454545453|| 2429 0.45454545454545453
3359 3359 4.999560594558716 0 0.3333333333333333|| 3359 0.5|| 3359 0.5
2124 2863 4.9914814829826355 6 0.3076923076923077|| 2124 0.5384615384615384|| 2124 0.5384615384615384
17 2107 4.9902403354644775 22 0.2857142857142857|| 2712 0.5|| 2712 0.5
1379 1379 4.999732971191406 0 0.3333333333333333|| 1379 0.5333333333333333|| 1379 0.5333333333333333
1444 1444 4.9979599714279175 0 0.375|| 2329 0.5|| 2881 0.5
1780 1780 4.999223351478577 0 0.4117647058823529|| 1780 0.5294117647058824|| 1780 0.5294117647058824
2231 3700 4.9991538524627686 3 0.3888888888888889|| 2231 0.5555555555555556|| 2231 0.5555555555555556
1711 140 4.999168217182159 4 0.3684210526315789|| 1711 0.5789473684210527|| 1711 0.5789473684210527
546 2313 4.999393582344055 2 0.35|| 546 0.6|| 546 0.6
1671 1296 4.992414236068726 8 0.3333333333333333|| 1671 0.6190476190476191|| 1671 0.6190476190476191
164 3380 4.996687650680542 15 0.3181818181818182|| 3380 0.5909090909090909|| 3380 0.5909090909090909
1696 275 4.999664604663849 1 0.30434782608695654|| 1696 0.6086956521739131|| 1696 0.6086956521739131
2981 1042 4.102367162704468 375 0.2916666666666667|| 1042 0.5833333333333334|| 1042 0.5833333333333334
1741 3045 4.9893599152565 30 0.28|| 3045 0.56|| 3045 0.56
2926 2926 4.99972677230835 0 0.3076923076923077|| 2926 0.5769230769230769|| 2926 0.5769230769230769
526 3029 4.994811832904816 3 0.2962962962962963|| 526 0.5925925925925926|| 526 0.5925925925925926
2462 2605 4.9935837388038635 16 0.2857142857142857|| 2605 0.5714285714285714|| 2605 0.5714285714285714
2530 1515 4.99935120344162 2 0.27586206896551724|| 1515 0.5517241379310345|| 545 0.5517241379310345
2251 2874 4.999179840087891 6 0.26666666666666666|| 2774 0.5333333333333333|| 2774 0.5333333333333333
941 1196 4.98285847902298 25 0.25806451612903225|| 2772 0.5161290322580645|| 440 0.5161290322580645
104 2474 4.979923188686371 28 0.25|| 2474 0.5|| 2474 0.5
453 2360 4.998274266719818 4 0.24242424242424243|| 2360 0.48484848484848486|| 2360 0.48484848484848486
1297 1297 4.999959707260132 0 0.2647058823529412|| 72 0.47058823529411764|| 72 0.47058823529411764
1950 974 4.563162982463837 144 0.2571428571428571|| 974 0.45714285714285713|| 974 0.45714285714285713
2314 2750 4.911853492259979 73 0.25|| 1332 0.4444444444444444|| 1332 0.4444444444444444
492 1271 4.999132871627808 2 0.24324324324324326|| 492 0.4594594594594595|| 492 0.4594594594594595
919 1725 4.999650537967682 2 0.23684210526315788|| 3705 0.4473684210526316|| 919 0.47368421052631576
1974 1974 4.9999682903289795 0 0.2564102564102564|| 1974 0.46153846153846156|| 1974 0.48717948717948717
1833 1833 4.9995779395103455 0 0.275|| 1833 0.475|| 1833 0.5
2135 1000 4.999718189239502 4 0.2682926829268293|| 2135 0.4878048780487805|| 2135 0.5121951219512195
631 2932 4.994048357009888 17 0.2619047619047619|| 2055 0.47619047619047616|| 2055 0.5
3716 2805 4.296448200941086 354 0.2558139534883721|| 1043 0.46511627906976744|| 1043 0.4883720930232558
2145 2154 4.983859300613403 13 0.25|| 2025 0.45454545454545453|| 2025 0.4772727272727273
2364 641 3.3061005622148514 964 0.24444444444444444|| 1168 0.4444444444444444|| 1168 0.4666666666666667
2569 3245 4.99757593870163 2 0.2391304347826087|| 2569 0.45652173913043476|| 2569 0.4782608695652174
511 511 4.999986171722412 0 0.2553191489361702|| 511 0.46808510638297873|| 511 0.48936170212765956
3296 3296 4.9999940395355225 0 0.2708333333333333|| 3296 0.4791666666666667|| 3296 0.5
1811 623 4.959625244140625 30 0.2653061224489796|| 1796 0.46938775510204084|| 1796 0.4897959183673469
3490 3329 4.999777913093567 1 0.26|| 3490 0.48|| 3490 0.5
2019-05-05 22:14:59.399551 use: 1664.4434144496918
Testing...
1075 1075 4.999926805496216 0 1.0|| 1075 1.0|| 1075 1.0
1173 2010 4.999063014984131 2 0.5|| 1173 1.0|| 1173 1.0
2130 3546 4.99680632352829 2 0.3333333333333333|| 2130 1.0|| 2130 1.0
2001 1471 4.931627094745636 31 0.25|| 595 0.75|| 2324 0.75
3667 208 4.999292194843292 2 0.2|| 3667 0.8|| 208 0.6
1443 1106 4.9999494552612305 1 0.16666666666666666|| 1443 0.8333333333333334|| 1443 0.6666666666666666
2958 1917 4.999918580055237 1 0.14285714285714285|| 2958 0.8571428571428571|| 2958 0.7142857142857143
2672 2855 4.987379372119904 36 0.125|| 3727 0.75|| 3727 0.625
983 983 4.999756038188934 0 0.2222222222222222|| 983 0.7777777777777778|| 983 0.6666666666666666
2701 1750 4.99783730506897 2 0.2|| 2701 0.8|| 2701 0.7
1673 1149 4.998600006103516 1 0.18181818181818182|| 1673 0.8181818181818182|| 1673 0.7272727272727273
1045 2261 4.990991294384003 3 0.16666666666666666|| 2261 0.75|| 2261 0.6666666666666666
2649 1704 4.006751551292837 572 0.15384615384615385|| 2216 0.6923076923076923|| 2823 0.6153846153846154
478 478 4.999987483024597 0 0.21428571428571427|| 478 0.7142857142857143|| 478 0.6428571428571429
430 2927 4.957133054733276 22 0.2|| 1018 0.6666666666666666|| 1018 0.6
1592 1592 4.999988079071045 0 0.25|| 1592 0.6875|| 1592 0.625
2046 249 4.999517381191254 5 0.23529411764705882|| 2046 0.7058823529411765|| 2046 0.6470588235294118
2793 1444 4.993164956569672 13 0.2222222222222222|| 2539 0.6666666666666666|| 2539 0.6111111111111112
956 1353 4.999038219451904 1 0.21052631578947367|| 956 0.6842105263157895|| 956 0.631578947368421
1977 1977 4.999906420707703 0 0.25|| 1977 0.7|| 1977 0.65
888 888 4.9998459815979 0 0.2857142857142857|| 2161 0.6666666666666666|| 888 0.6666666666666666
409 409 4.999898076057434 0 0.3181818181818182|| 409 0.6818181818181818|| 409 0.6818181818181818
2150 3045 4.999695241451263 3 0.30434782608695654|| 2150 0.6956521739130435|| 2150 0.6956521739130435
2071 2071 4.999703943729401 0 0.3333333333333333|| 2071 0.7083333333333334|| 2071 0.7083333333333334
2976 1192 4.624978005886078 272 0.32|| 3680 0.68|| 3680 0.68
3318 126 4.997700810432434 15 0.3076923076923077|| 3380 0.6538461538461539|| 3380 0.6538461538461539
234 461 4.996243715286255 5 0.2962962962962963|| 234 0.6666666666666666|| 234 0.6666666666666666
1616 614 4.995060980319977 16 0.2857142857142857|| 3538 0.6428571428571429|| 3538 0.6428571428571429
1231 555 3.909279465675354 563 0.27586206896551724|| 3249 0.6206896551724138|| 1237 0.6206896551724138
1470 1470 4.999541521072388 0 0.3|| 1470 0.6333333333333333|| 1470 0.6333333333333333
1878 2492 4.9826162457466125 25 0.2903225806451613|| 2492 0.6129032258064516|| 2492 0.6129032258064516
2630 1153 4.996088147163391 12 0.28125|| 95 0.59375|| 95 0.59375
2514 2753 4.999910235404968 2 0.2727272727272727|| 2514 0.6060606060606061|| 2514 0.6060606060606061
2555 2536 4.998465359210968 1 0.2647058823529412|| 2555 0.6176470588235294|| 2555 0.6176470588235294
1086 2293 4.98149836063385 20 0.2571428571428571|| 2293 0.6|| 2293 0.6
620 2278 4.9996166825294495 2 0.25|| 620 0.6111111111111112|| 620 0.6111111111111112
472 1417 4.033262729644775 671 0.24324324324324326|| 959 0.5945945945945946|| 959 0.5945945945945946
288 2953 4.997940897941589 4 0.23684210526315788|| 288 0.6052631578947368|| 108 0.5789473684210527
987 2806 4.93102753162384 45 0.23076923076923078|| 2806 0.5897435897435898|| 2273 0.5641025641025641
718 718 4.9995978474617 0 0.25|| 718 0.6|| 718 0.575
632 2086 4.985243797302246 8 0.24390243902439024|| 632 0.6097560975609756|| 2978 0.5609756097560976
2981 1042 4.9632092118263245 43 0.23809523809523808|| 1042 0.5952380952380952|| 1042 0.5476190476190477
483 3135 4.98507821559906 22 0.23255813953488372|| 1197 0.5813953488372093|| 3135 0.5348837209302325
2250 2117 4.978223145008087 21 0.22727272727272727|| 3748 0.5681818181818182|| 3748 0.5227272727272727
1505 1396 4.997842729091644 14 0.2222222222222222|| 771 0.5555555555555556|| 771 0.5111111111111111
3174 2953 4.9991015791893005 4 0.21739130434782608|| 3174 0.5652173913043478|| 3174 0.5217391304347826
3265 3265 4.9994524121284485 0 0.23404255319148937|| 3265 0.574468085106383|| 3265 0.5319148936170213
753 529 4.978896617889404 22 0.22916666666666666|| 729 0.5625|| 729 0.5208333333333334
1686 1440 4.997869789600372 4 0.22448979591836735|| 1686 0.5714285714285714|| 1686 0.5306122448979592
3078 1351 4.80207484960556 252 0.22|| 1506 0.56|| 1992 0.52
2019-05-05 22:28:58.445272 use: 2503.489135503769
Testing...
2524 2524 4.999990820884705 0 1.0|| 2524 1.0|| 2524 1.0
2664 2664 4.999907493591309 0 1.0|| 2664 1.0|| 2664 1.0
2017 641 4.977302670478821 46 0.6666666666666666|| 641 0.6666666666666666|| 28 0.6666666666666666
2910 3452 4.994935095310211 3 0.5|| 2910 0.75|| 2910 0.75
3141 869 4.84646075963974 178 0.4|| 3051 0.6|| 377 0.6
532 2095 4.999230325222015 3 0.3333333333333333|| 238 0.5|| 2353 0.5
2905 2913 4.704406023025513 171 0.2857142857142857|| 2441 0.42857142857142855|| 2441 0.42857142857142855
3018 903 4.999824285507202 1 0.25|| 3018 0.5|| 3018 0.5
3681 1271 4.998522043228149 5 0.2222222222222222|| 2489 0.4444444444444444|| 2801 0.4444444444444444
42 3431 4.983693420886993 23 0.2|| 1381 0.4|| 1381 0.4
1790 1790 4.999923348426819 0 0.2727272727272727|| 1790 0.45454545454545453|| 1790 0.45454545454545453
1004 3631 4.999361634254456 4 0.25|| 1004 0.5|| 1004 0.5
2932 472 4.999792814254761 1 0.23076923076923078|| 472 0.46153846153846156|| 472 0.46153846153846156
3039 2110 4.9846683740615845 22 0.21428571428571427|| 1596 0.42857142857142855|| 3056 0.42857142857142855
1759 136 4.999931812286377 2 0.2|| 1759 0.4666666666666667|| 1759 0.4666666666666667
1288 3542 4.9989683628082275 3 0.1875|| 3542 0.4375|| 3542 0.4375
3682 3682 4.9996084570884705 0 0.23529411764705882|| 3682 0.47058823529411764|| 3682 0.47058823529411764
981 394 4.9929298758506775 3 0.2222222222222222|| 981 0.5|| 981 0.5
693 693 4.999862313270569 0 0.2631578947368421|| 693 0.5263157894736842|| 693 0.5263157894736842
3382 3382 4.999992728233337 0 0.3|| 3382 0.55|| 3382 0.55
1091 1091 4.999981641769409 0 0.3333333333333333|| 1091 0.5714285714285714|| 1091 0.5714285714285714
2700 1330 4.997360110282898 5 0.3181818181818182|| 1330 0.5454545454545454|| 1330 0.5454545454545454
740 740 4.999984622001648 0 0.34782608695652173|| 740 0.5652173913043478|| 740 0.5652173913043478
1633 2065 4.891155958175659 62 0.3333333333333333|| 2812 0.5416666666666666|| 2065 0.5416666666666666
66 3088 4.992368698120117 10 0.32|| 3088 0.52|| 14 0.52
864 166 4.991224944591522 4 0.3076923076923077|| 166 0.5|| 166 0.5
1336 1336 4.999840974807739 0 0.3333333333333333|| 2788 0.48148148148148145|| 2788 0.48148148148148145
260 260 4.999620676040649 0 0.35714285714285715|| 260 0.5|| 260 0.5
2627 1097 4.99800169467926 6 0.3448275862068966|| 2611 0.4827586206896552|| 2611 0.4827586206896552
1949 1368 4.968950510025024 40 0.3333333333333333|| 1368 0.4666666666666667|| 1368 0.4666666666666667
2727 2761 4.998965620994568 1 0.3225806451612903|| 2727 0.4838709677419355|| 2727 0.4838709677419355
2667 2667 4.999492406845093 0 0.34375|| 2818 0.46875|| 2818 0.46875
3191 3191 4.999920129776001 0 0.36363636363636365|| 3191 0.48484848484848486|| 3191 0.48484848484848486
796 1635 4.7741745710372925 54 0.35294117647058826|| 3316 0.47058823529411764|| 3316 0.47058823529411764
1080 1090 4.96066015958786 44 0.34285714285714286|| 1090 0.45714285714285713|| 1090 0.45714285714285713
1850 1850 4.999980449676514 0 0.3611111111111111|| 1850 0.4722222222222222|| 1850 0.4722222222222222
3014 3014 4.999244391918182 0 0.3783783783783784|| 3014 0.4864864864864865|| 3014 0.4864864864864865
452 1467 4.962773323059082 10 0.3684210526315789|| 1816 0.47368421052631576|| 298 0.47368421052631576
1344 1344 4.999962329864502 0 0.38461538461538464|| 1344 0.48717948717948717|| 1344 0.48717948717948717
1927 1927 4.999753475189209 0 0.4|| 1927 0.5|| 1927 0.5
3415 231 4.9839500188827515 51 0.3902439024390244|| 231 0.4878048780487805|| 231 0.4878048780487805
2893 2893 4.9999760389328 0 0.40476190476190477|| 2893 0.5|| 2893 0.5
1501 3135 4.944731950759888 79 0.3953488372093023|| 115 0.4883720930232558|| 115 0.4883720930232558
2391 2391 4.999417722225189 0 0.4090909090909091|| 2391 0.5|| 2391 0.5
1357 1357 4.99980628490448 0 0.4222222222222222|| 1357 0.5111111111111111|| 1357 0.5111111111111111
410 3195 4.997595965862274 4 0.41304347826086957|| 410 0.5217391304347826|| 410 0.5217391304347826
1223 1487 4.999170660972595 11 0.40425531914893614|| 1487 0.5106382978723404|| 1487 0.5106382978723404
2131 2913 4.9692312479019165 60 0.3958333333333333|| 2681 0.5|| 2913 0.5
2261 2510 4.99936980009079 3 0.3877551020408163|| 1197 0.4897959183673469|| 2261 0.5102040816326531
1624 3145 4.998538792133331 2 0.38|| 1624 0.5|| 1624 0.52
2019-05-05 22:42:58.851859 use: 3343.895722389221
Testing...
1237 2874 4.9979366064071655 7 0.0|| 1237 1.0|| 1237 1.0
2107 2107 4.9999154806137085 0 0.5|| 2810 0.5|| 2810 0.5
519 519 4.999751031398773 0 0.6666666666666666|| 519 0.6666666666666666|| 519 0.6666666666666666
1562 2959 4.999840497970581 1 0.5|| 1562 0.75|| 1562 0.75
2596 2596 4.999924063682556 0 0.6|| 2596 0.8|| 2596 0.8
1462 3467 4.985839307308197 24 0.5|| 3467 0.6666666666666666|| 3467 0.6666666666666666
2715 2715 4.999808430671692 0 0.5714285714285714|| 2715 0.7142857142857143|| 2715 0.7142857142857143
2190 82 4.997924268245697 2 0.5|| 2007 0.625|| 2007 0.625
2772 2772 4.999817132949829 0 0.5555555555555556|| 1916 0.5555555555555556|| 1916 0.5555555555555556
88 88 4.999562442302704 0 0.6|| 545 0.5|| 545 0.5
966 470 4.9904139041900635 18 0.5454545454545454|| 2969 0.45454545454545453|| 2507 0.45454545454545453
2266 1399 4.999823451042175 1 0.5|| 2266 0.5|| 2266 0.5
2318 1234 4.973993003368378 15 0.46153846153846156|| 2154 0.46153846153846156|| 2515 0.46153846153846156
1055 1330 4.298696130514145 323 0.42857142857142855|| 1369 0.42857142857142855|| 3327 0.42857142857142855
1440 1440 4.999868154525757 0 0.4666666666666667|| 1440 0.4666666666666667|| 1359 0.4
2925 472 4.9999449253082275 1 0.4375|| 289 0.4375|| 1170 0.375
1089 1089 4.999971866607666 0 0.47058823529411764|| 1089 0.47058823529411764|| 1089 0.4117647058823529
2203 2203 4.999951958656311 0 0.5|| 2203 0.5|| 2203 0.4444444444444444
3550 2357 4.985699653625488 14 0.47368421052631576|| 2357 0.47368421052631576|| 2357 0.42105263157894735
762 3263 4.999344289302826 2 0.45|| 2151 0.45|| 762 0.45
640 2377 4.999772667884827 1 0.42857142857142855|| 640 0.47619047619047616|| 2377 0.42857142857142855
1816 1816 4.998939692974091 0 0.45454545454545453|| 2623 0.45454545454545453|| 1816 0.45454545454545453
717 607 4.997494280338287 15 0.43478260869565216|| 2582 0.43478260869565216|| 2582 0.43478260869565216
1468 1468 4.999719619750977 0 0.4583333333333333|| 1183 0.4166666666666667|| 1183 0.4166666666666667
1832 1832 4.999425768852234 0 0.48|| 1832 0.44|| 1832 0.44
348 3256 4.489135324954987 179 0.46153846153846156|| 2944 0.4230769230769231|| 3256 0.4230769230769231
992 1444 4.999605357646942 2 0.4444444444444444|| 992 0.4444444444444444|| 992 0.4444444444444444
1687 3509 4.995205223560333 8 0.42857142857142855|| 1687 0.4642857142857143|| 1687 0.4642857142857143
2099 2377 4.9973896741867065 3 0.41379310344827586|| 2099 0.4827586206896552|| 2377 0.4482758620689655
495 495 4.99970817565918 0 0.43333333333333335|| 495 0.5|| 495 0.4666666666666667
2995 3045 4.983133971691132 21 0.41935483870967744|| 3045 0.4838709677419355|| 3045 0.45161290322580644
1661 632 4.965040743350983 49 0.40625|| 3085 0.46875|| 2918 0.4375
326 949 4.994833290576935 9 0.3939393939393939|| 326 0.48484848484848486|| 326 0.45454545454545453
2644 2644 4.999931812286377 0 0.4117647058823529|| 2644 0.5|| 2644 0.47058823529411764
1683 1683 4.999898910522461 0 0.42857142857142855|| 1683 0.5142857142857142|| 1683 0.4857142857142857
2056 1323 4.999588489532471 2 0.4166666666666667|| 1323 0.5|| 1323 0.4722222222222222
2059 2059 4.9996537566185 0 0.43243243243243246|| 2059 0.5135135135135135|| 2059 0.4864864864864865
758 2777 4.99990975856781 1 0.42105263157894735|| 758 0.5263157894736842|| 758 0.5
335 1334 4.999791860580444 2 0.41025641025641024|| 1334 0.5128205128205128|| 335 0.5128205128205128
3047 1751 4.968605279922485 21 0.4|| 1751 0.5|| 1751 0.5
827 827 4.999645292758942 0 0.4146341463414634|| 827 0.5121951219512195|| 827 0.5121951219512195
425 1788 4.3332043290138245 417 0.40476190476190477|| 473 0.5|| 3102 0.5
386 385 4.9998472929000854 1 0.3953488372093023|| 386 0.5116279069767442|| 386 0.5116279069767442
2693 634 4.999705731868744 1 0.38636363636363635|| 2693 0.5227272727272727|| 2693 0.5227272727272727
180 2007 4.884343385696411 68 0.37777777777777777|| 1091 0.5111111111111111|| 1091 0.5111111111111111
2155 1000 4.999831676483154 19 0.3695652173913043|| 610 0.5|| 610 0.5
2709 2709 4.99992048740387 0 0.3829787234042553|| 2709 0.5106382978723404|| 2709 0.5106382978723404
2423 1569 4.998721659183502 4 0.375|| 2423 0.5208333333333334|| 2423 0.5208333333333334
3726 3726 4.99972128868103 0 0.3877551020408163|| 1165 0.5102040816326531|| 1165 0.5102040816326531
157 3722 2.606758341193199 1292 0.38|| 2287 0.5|| 2287 0.5
2019-05-05 22:56:59.334318 use: 4184.378181695938
Testing...
2011 2011 4.999990940093994 0 1.0|| 2011 1.0|| 2011 1.0
1266 1048 4.969468712806702 40 0.5|| 29 0.5|| 2812 0.5
334 2664 4.9997090101242065 5 0.3333333333333333|| 2345 0.3333333333333333|| 2345 0.3333333333333333
869 1691 4.998154163360596 9 0.25|| 535 0.25|| 535 0.25
2666 1477 4.997653961181641 2 0.2|| 2666 0.4|| 2666 0.4
2895 215 4.7589128613471985 144 0.16666666666666666|| 3597 0.3333333333333333|| 3597 0.3333333333333333
1219 3174 4.996314704418182 1 0.14285714285714285|| 1219 0.42857142857142855|| 1219 0.42857142857142855
3505 3505 4.999948501586914 0 0.25|| 3505 0.5|| 3505 0.5
2119 2842 4.994374930858612 9 0.2222222222222222|| 2119 0.5555555555555556|| 2119 0.5555555555555556
3180 2833 4.998517870903015 3 0.2|| 2833 0.5|| 2833 0.5
2090 1277 4.965178668498993 42 0.18181818181818182|| 2345 0.45454545454545453|| 1277 0.45454545454545453
2668 2668 4.9998239278793335 0 0.25|| 246 0.4166666666666667|| 2668 0.5
1779 1779 4.99991238117218 0 0.3076923076923077|| 1779 0.46153846153846156|| 1779 0.5384615384615384
741 2264 4.997019588947296 3 0.2857142857142857|| 741 0.5|| 2264 0.5
1328 756 4.985643744468689 20 0.26666666666666666|| 756 0.4666666666666667|| 1004 0.4666666666666667
1126 3434 4.980403900146484 20 0.25|| 3434 0.4375|| 3434 0.4375
3079 105 4.938262224197388 44 0.23529411764705882|| 2309 0.4117647058823529|| 2309 0.4117647058823529
653 1342 4.99989914894104 1 0.2222222222222222|| 653 0.4444444444444444|| 653 0.4444444444444444
3643 3643 4.99994421005249 0 0.2631578947368421|| 3643 0.47368421052631576|| 3643 0.47368421052631576
2150 3672 4.999976873397827 2 0.25|| 2150 0.5|| 2150 0.5
2110 3512 4.999303221702576 1 0.23809523809523808|| 1867 0.47619047619047616|| 3512 0.47619047619047616
513 3553 4.964884579181671 51 0.22727272727272727|| 1093 0.45454545454545453|| 1093 0.45454545454545453
2736 1977 4.999766409397125 1 0.21739130434782608|| 2736 0.4782608695652174|| 2736 0.4782608695652174
89 89 4.999959945678711 0 0.25|| 89 0.5|| 89 0.5
695 695 4.999732732772827 0 0.28|| 695 0.52|| 1597 0.48
112 112 4.999937295913696 0 0.3076923076923077|| 112 0.5384615384615384|| 2512 0.46153846153846156
1005 41 4.999558627605438 4 0.2962962962962963|| 3680 0.5185185185185185|| 3680 0.4444444444444444
3724 2122 4.977478981018066 31 0.2857142857142857|| 320 0.5|| 320 0.42857142857142855
2198 3452 4.998440086841583 3 0.27586206896551724|| 2198 0.5172413793103449|| 2198 0.4482758620689655
395 1776 4.939796507358551 36 0.26666666666666666|| 2010 0.5|| 3625 0.43333333333333335
98 947 4.986785352230072 5 0.25806451612903225|| 98 0.5161290322580645|| 98 0.45161290322580644
2075 2076 4.999478340148926 2 0.25|| 25 0.5|| 2075 0.46875
1158 1158 4.999738454818726 0 0.2727272727272727|| 1158 0.5151515151515151|| 1158 0.48484848484848486
1064 937 4.9494200348854065 8 0.2647058823529412|| 1064 0.5294117647058824|| 1064 0.5
1028 1028 4.999706029891968 0 0.2857142857142857|| 1028 0.5428571428571428|| 1028 0.5142857142857142
2120 3600 4.9994059801101685 5 0.2777777777777778|| 2120 0.5555555555555556|| 2120 0.5277777777777778
1522 1520 4.998868405818939 2 0.2702702702702703|| 2210 0.5405405405405406|| 2210 0.5135135135135135
2828 2828 4.999905228614807 0 0.2894736842105263|| 2828 0.5526315789473685|| 2828 0.5263157894736842
3208 2960 4.999911427497864 1 0.28205128205128205|| 3208 0.5641025641025641|| 3208 0.5384615384615384
66 66 4.99983274936676 0 0.3|| 66 0.575|| 66 0.55
1440 783 4.993551433086395 6 0.2926829268292683|| 1359 0.5609756097560976|| 783 0.5365853658536586
72 1534 4.99909907579422 3 0.2857142857142857|| 72 0.5714285714285714|| 72 0.5476190476190477
3744 3060 4.981617093086243 23 0.27906976744186046|| 1363 0.5581395348837209|| 1363 0.5348837209302325
2702 2702 4.999992251396179 0 0.29545454545454547|| 2702 0.5681818181818182|| 2702 0.5454545454545454
2133 2133 4.999450147151947 0 0.3111111111111111|| 2133 0.5777777777777777|| 2133 0.5555555555555556
2655 2655 4.999863624572754 0 0.32608695652173914|| 2655 0.5869565217391305|| 2655 0.5652173913043478
1950 3351 4.998674690723419 1 0.3191489361702128|| 1950 0.5957446808510638|| 1950 0.574468085106383
2095 1471 4.999700963497162 1 0.3125|| 2095 0.6041666666666666|| 2095 0.5833333333333334
1729 974 4.999007225036621 3 0.30612244897959184|| 72 0.5918367346938775|| 1729 0.5918367346938775
1846 201 4.542788147926331 195 0.3|| 1777 0.58|| 201 0.58
2019-05-05 23:10:50.710956 use: 5015.754819393158
Testing...
2377 2859 4.9986783266067505 4 0.0|| 2377 1.0|| 2377 1.0
3422 3422 4.9999576807022095 0 0.5|| 3422 1.0|| 3422 1.0
557 1579 4.997290194034576 5 0.3333333333333333|| 557 1.0|| 557 1.0
1522 2210 4.999221503734589 5 0.25|| 1522 1.0|| 1522 1.0
2466 3471 4.999599516391754 1 0.2|| 2494 0.8|| 2466 1.0
3253 3584 4.311956465244293 231 0.16666666666666666|| 3249 0.6666666666666666|| 3249 0.8333333333333334
3265 927 4.094108700752258 396 0.14285714285714285|| 927 0.5714285714285714|| 3361 0.7142857142857143
1002 95 4.999895930290222 2 0.125|| 1748 0.5|| 546 0.625
48 48 4.999850153923035 0 0.2222222222222222|| 48 0.5555555555555556|| 48 0.6666666666666666
1626 3443 4.779728651046753 138 0.2|| 2106 0.5|| 1644 0.6
1508 3030 4.997069180011749 2 0.18181818181818182|| 1508 0.5454545454545454|| 1508 0.6363636363636364
779 779 4.999953627586365 0 0.25|| 779 0.5833333333333334|| 779 0.6666666666666666
1054 499 4.99616938829422 3 0.23076923076923078|| 1054 0.6153846153846154|| 1054 0.6923076923076923
3537 3170 4.99775618314743 1 0.21428571428571427|| 3537 0.6428571428571429|| 3537 0.7142857142857143
1563 3135 4.998895049095154 1 0.2|| 1563 0.6666666666666666|| 1563 0.7333333333333333
1982 1982 4.999864459037781 0 0.25|| 1982 0.6875|| 1982 0.75
2094 3431 4.997800648212433 2 0.23529411764705882|| 2094 0.7058823529411765|| 2094 0.7647058823529411
1962 248 4.998110771179199 3 0.2222222222222222|| 1962 0.7222222222222222|| 1962 0.7777777777777778
1815 1815 4.999863386154175 0 0.2631578947368421|| 1815 0.7368421052631579|| 1815 0.7894736842105263
145 3298 4.999188661575317 3 0.25|| 145 0.75|| 145 0.8
712 3094 4.985776662826538 34 0.23809523809523808|| 2460 0.7142857142857143|| 2460 0.7619047619047619
1317 1317 4.999908447265625 0 0.2727272727272727|| 1317 0.7272727272727273|| 427 0.7272727272727273
2327 3135 4.986729979515076 23 0.2608695652173913|| 2290 0.6956521739130435|| 3135 0.6956521739130435
15 394 4.995625019073486 8 0.25|| 1873 0.6666666666666666|| 1873 0.6666666666666666
295 295 4.999939799308777 0 0.28|| 295 0.68|| 295 0.68
1167 3672 4.997628211975098 19 0.2692307692307692|| 3672 0.6538461538461539|| 3672 0.6538461538461539
3619 3619 4.999972224235535 0 0.2962962962962963|| 3619 0.6666666666666666|| 3619 0.6666666666666666
1740 508 4.963911771774292 19 0.2857142857142857|| 508 0.6428571428571429|| 508 0.6428571428571429
39 2090 4.998255789279938 3 0.27586206896551724|| 39 0.6551724137931034|| 39 0.6551724137931034
3127 2242 4.990087270736694 15 0.26666666666666666|| 734 0.6333333333333333|| 734 0.6333333333333333
3108 3108 4.9998990297317505 0 0.2903225806451613|| 3108 0.6451612903225806|| 3108 0.6451612903225806
1573 1573 4.999837040901184 0 0.3125|| 1573 0.65625|| 1573 0.65625
680 1711 4.995708346366882 2 0.30303030303030304|| 680 0.6666666666666666|| 680 0.6666666666666666
1486 1611 4.998734176158905 1 0.29411764705882354|| 1486 0.6764705882352942|| 1486 0.6764705882352942
3613 758 4.843677580356598 118 0.2857142857142857|| 758 0.6571428571428571|| 758 0.6571428571428571
2310 3738 4.999974012374878 1 0.2777777777777778|| 2310 0.6666666666666666|| 2310 0.6666666666666666
3297 3297 4.99958872795105 0 0.2972972972972973|| 3297 0.6756756756756757|| 3297 0.6756756756756757
2318 719 4.97097772359848 28 0.2894736842105263|| 1971 0.6578947368421053|| 1971 0.6578947368421053
345 345 4.999975681304932 0 0.3076923076923077|| 345 0.6666666666666666|| 345 0.6666666666666666
2698 1208 4.988500416278839 24 0.3|| 154 0.65|| 154 0.65
840 803 4.999778151512146 1 0.2926829268292683|| 840 0.6585365853658537|| 840 0.6585365853658537
809 601 4.999401211738586 3 0.2857142857142857|| 809 0.6666666666666666|| 809 0.6666666666666666
2627 1492 4.816958785057068 138 0.27906976744186046|| 1206 0.6511627906976745|| 1206 0.6511627906976745
2284 2284 4.999916195869446 0 0.29545454545454547|| 2284 0.6590909090909091|| 2284 0.6590909090909091
3183 47 4.9991761445999146 3 0.28888888888888886|| 3183 0.6666666666666666|| 3183 0.6666666666666666
996 2029 4.9992035031318665 1 0.2826086956521739|| 996 0.6739130434782609|| 996 0.6739130434782609
3336 2831 4.999935269355774 2 0.2765957446808511|| 3336 0.6808510638297872|| 3336 0.6808510638297872
735 737 4.9997947216033936 3 0.2708333333333333|| 2307 0.6666666666666666|| 2307 0.6666666666666666
3040 2831 4.999163925647736 1 0.2653061224489796|| 3040 0.673469387755102|| 3040 0.673469387755102
585 585 4.999993681907654 0 0.28|| 585 0.68|| 585 0.68
2019-05-05 23:24:48.555015 use: 5853.598878860474
Testing...
951 3209 4.987614691257477 5 0.0|| 951 1.0|| 951 1.0
2562 383 4.815972805023193 74 0.0|| 3074 0.5|| 1383 0.5
3193 3193 4.999940633773804 0 0.3333333333333333|| 763 0.3333333333333333|| 763 0.3333333333333333
1811 1811 4.9999306201934814 0 0.5|| 1811 0.5|| 1489 0.25
3278 3278 4.999956965446472 0 0.6|| 3278 0.6|| 3278 0.4
2587 2010 4.959540605545044 57 0.5|| 2460 0.5|| 3625 0.3333333333333333
2051 2051 4.999176740646362 0 0.5714285714285714|| 2051 0.5714285714285714|| 2051 0.42857142857142855
2296 1917 4.997113823890686 18 0.5|| 1917 0.5|| 1917 0.375
3519 3467 4.99929815530777 2 0.4444444444444444|| 3519 0.5555555555555556|| 3467 0.3333333333333333
164 1184 4.797694504261017 188 0.4|| 1789 0.5|| 1789 0.3
1085 1085 4.999901175498962 0 0.45454545454545453|| 1085 0.5454545454545454|| 1085 0.36363636363636365
2972 1393 4.997344136238098 4 0.4166666666666667|| 2972 0.5833333333333334|| 1892 0.3333333333333333
1390 1390 4.999755620956421 0 0.46153846153846156|| 1390 0.6153846153846154|| 1390 0.38461538461538464
1847 1678 4.998671114444733 3 0.42857142857142855|| 2072 0.5714285714285714|| 2072 0.35714285714285715
3024 3024 4.999305605888367 0 0.4666666666666667|| 3024 0.6|| 3024 0.4
3528 2222 4.996937394142151 2 0.4375|| 3528 0.625|| 1157 0.375
732 586 4.997293531894684 1 0.4117647058823529|| 586 0.5882352941176471|| 586 0.35294117647058826
Traceback (most recent call last):
  File "b4++.py", line 427, in <module>
    main()
  File "b4++.py", line 351, in main
    batch_features = feature_encoder(Variable(batches).cuda())
KeyboardInterrupt

F:\code\python\hand_writing\code>